element stiffness matrices:

29398894259.0810	15305194979.0272	-5332691287.9533	2819378022.4524	-13541089444.8644	-14096890112.2619	-8258345339.0003	-4027682889.2177	
15305194979.0272	57193097026.8911	-2617993877.9915	21749487601.7755	-13089969389.9575	-27186859502.2194	4027682889.2177	-51755725126.4472	
-5332691287.9533	-2617993877.9915	25394589544.8039	-11881664523.1922	-7843887962.6082	1409689011.2262	-13541089444.8644	13089969389.9575	
2819378022.4524	21749487601.7755	-11881664523.1922	51554340981.9864	-1409689011.2262	-46116969081.5425	14096890112.2619	-27186859502.2194	
-13541089444.8644	-13089969389.9575	-7843887962.6082	-1409689011.2262	25394589544.8039	11881664523.1922	-5332691287.9533	2617993877.9915	
-14096890112.2619	-27186859502.2194	1409689011.2262	-46116969081.5425	11881664523.1922	51554340981.9864	-2819378022.4524	21749487601.7755	
-8258345339.0003	4027682889.2177	-13541089444.8644	14096890112.2619	-5332691287.9533	-2819378022.4524	29398894259.0810	-15305194979.0272	
-4027682889.2177	-51755725126.4472	13089969389.9575	-27186859502.2194	2617993877.9915	21749487601.7755	-15305194979.0272	57193097026.8911	

29398894259.0810	15305194979.0272	-5332691287.9533	2819378022.4524	-13541089444.8644	-14096890112.2619	-8258345339.0003	-4027682889.2177	
15305194979.0272	57193097026.8911	-2617993877.9915	21749487601.7755	-13089969389.9575	-27186859502.2194	4027682889.2177	-51755725126.4472	
-5332691287.9533	-2617993877.9915	25394589544.8039	-11881664523.1922	-7843887962.6082	1409689011.2262	-13541089444.8644	13089969389.9575	
2819378022.4524	21749487601.7755	-11881664523.1922	51554340981.9864	-1409689011.2262	-46116969081.5425	14096890112.2619	-27186859502.2194	
-13541089444.8644	-13089969389.9575	-7843887962.6082	-1409689011.2262	25394589544.8039	11881664523.1922	-5332691287.9533	2617993877.9915	
-14096890112.2619	-27186859502.2194	1409689011.2262	-46116969081.5425	11881664523.1922	51554340981.9864	-2819378022.4524	21749487601.7755	
-8258345339.0003	4027682889.2177	-13541089444.8644	14096890112.2619	-5332691287.9533	-2819378022.4524	29398894259.0810	-15305194979.0272	
-4027682889.2177	-51755725126.4472	13089969389.9575	-27186859502.2194	2617993877.9915	21749487601.7755	-15305194979.0272	57193097026.8911	

35405858935.7235	18325957145.9405	-6560099351.0465	3423530455.8350	-16571403209.9416	-17117652279.1752	-10088082467.7403	-4631835322.6003	
18325957145.9405	69276145694.5442	-3222146311.3741	26582707068.8367	-16110731556.8707	-33228383836.0459	4631835322.6003	-62630468927.3350	
-6560099351.0465	-3222146311.3741	31393787294.2870	-14902426690.1054	-9677508554.9279	2013841444.6088	-16571403209.9416	16110731556.8707	
3423530455.8350	26582707068.8367	-14902426690.1054	63637389649.6394	-2013841444.6088	-56991712882.4302	17117652279.1752	-33228383836.0459	
-16571403209.9416	-16110731556.8707	-9677508554.9279	-2013841444.6088	31393787294.2870	14902426690.1054	-6560099351.0465	3222146311.3741	
-17117652279.1752	-33228383836.0459	2013841444.6088	-56991712882.4302	14902426690.1054	63637389649.6394	-3423530455.8350	26582707068.8367	
-10088082467.7403	4631835322.6003	-16571403209.9416	17117652279.1752	-6560099351.0465	-3423530455.8350	35405858935.7235	-18325957145.9405	
-4631835322.6003	-62630468927.3350	16110731556.8707	-33228383836.0459	3222146311.3741	26582707068.8367	-18325957145.9405	69276145694.5442	

35405858935.7235	18325957145.9405	-6560099351.0465	3423530455.8350	-16571403209.9416	-17117652279.1752	-10088082467.7403	-4631835322.6003	
18325957145.9405	69276145694.5442	-3222146311.3741	26582707068.8367	-16110731556.8707	-33228383836.0459	4631835322.6003	-62630468927.3350	
-6560099351.0465	-3222146311.3741	31393787294.2870	-14902426690.1054	-9677508554.9279	2013841444.6088	-16571403209.9416	16110731556.8707	
3423530455.8350	26582707068.8367	-14902426690.1054	63637389649.6394	-2013841444.6088	-56991712882.4302	17117652279.1752	-33228383836.0459	
-16571403209.9416	-16110731556.8707	-9677508554.9279	-2013841444.6088	31393787294.2870	14902426690.1054	-6560099351.0465	3222146311.3741	
-17117652279.1752	-33228383836.0459	2013841444.6088	-56991712882.4302	14902426690.1054	63637389649.6394	-3423530455.8350	26582707068.8367	
-10088082467.7403	4631835322.6003	-16571403209.9416	17117652279.1752	-6560099351.0465	-3423530455.8350	35405858935.7235	-18325957145.9405	
-4631835322.6003	-62630468927.3350	16110731556.8707	-33228383836.0459	3222146311.3741	26582707068.8367	-18325957145.9405	69276145694.5442	


global stiffness matrix:

25394589544.8039	-11881664523.1922	  0.0000	  0.0000	  0.0000	  0.0000	  0.0000	  0.0000	-7843887962.6082	1409689011.2262	-5332691287.9533	-2617993877.9915	-13541089444.8644	13089969389.9575	  0.0000	  0.0000	  0.0000	  0.0000	
-11881664523.1922	51554340981.9864	  0.0000	  0.0000	  0.0000	  0.0000	  0.0000	  0.0000	-1409689011.2262	-46116969081.5425	2819378022.4524	21749487601.7755	14096890112.2619	-27186859502.2194	  0.0000	  0.0000	  0.0000	  0.0000	
  0.0000	  0.0000	25394589544.8039	11881664523.1922	  0.0000	  0.0000	  0.0000	  0.0000	-7843887962.6082	-1409689011.2262	  0.0000	  0.0000	-13541089444.8644	-13089969389.9575	-5332691287.9533	2617993877.9915	  0.0000	  0.0000	
  0.0000	  0.0000	11881664523.1922	51554340981.9864	  0.0000	  0.0000	  0.0000	  0.0000	1409689011.2262	-46116969081.5425	  0.0000	  0.0000	-14096890112.2619	-27186859502.2194	-2819378022.4524	21749487601.7755	  0.0000	  0.0000	
  0.0000	  0.0000	  0.0000	  0.0000	35405858935.7235	-18325957145.9405	  0.0000	  0.0000	  0.0000	  0.0000	  0.0000	  0.0000	-16571403209.9416	17117652279.1752	-6560099351.0465	-3423530455.8350	-10088082467.7403	4631835322.6003	
  0.0000	  0.0000	  0.0000	  0.0000	-18325957145.9405	69276145694.5442	  0.0000	  0.0000	  0.0000	  0.0000	  0.0000	  0.0000	16110731556.8707	-33228383836.0459	3222146311.3741	26582707068.8367	-4631835322.6003	-62630468927.3350	
  0.0000	  0.0000	  0.0000	  0.0000	  0.0000	  0.0000	35405858935.7235	18325957145.9405	  0.0000	  0.0000	-6560099351.0465	3423530455.8350	-16571403209.9416	-17117652279.1752	  0.0000	  0.0000	-10088082467.7403	-4631835322.6003	
  0.0000	  0.0000	  0.0000	  0.0000	  0.0000	  0.0000	18325957145.9405	69276145694.5442	  0.0000	  0.0000	-3222146311.3741	26582707068.8367	-16110731556.8707	-33228383836.0459	  0.0000	  0.0000	4631835322.6003	-62630468927.3350	
-7843887962.6082	-1409689011.2262	-7843887962.6082	1409689011.2262	  0.0000	  0.0000	  0.0000	  0.0000	50789179089.6078	  0.0000	-13541089444.8644	-13089969389.9575	-10665382575.9066	  0.0000	-13541089444.8644	13089969389.9575	  0.0000	  0.0000	
1409689011.2262	-46116969081.5425	-1409689011.2262	-46116969081.5425	  0.0000	  0.0000	  0.0000	  0.0000	  0.0000	103108681963.9727	-14096890112.2619	-27186859502.2194	  0.0000	43498975203.5510	14096890112.2619	-27186859502.2194	  0.0000	  0.0000	
-5332691287.9533	2819378022.4524	  0.0000	  0.0000	  0.0000	  0.0000	-6560099351.0465	-3222146311.3741	-13541089444.8644	-14096890112.2619	60792681553.3680	402768288.9218	-17935853893.9282	-2013841444.6088	  0.0000	  0.0000	-16571403209.9416	16110731556.8707	
-2617993877.9915	21749487601.7755	  0.0000	  0.0000	  0.0000	  0.0000	3423530455.8350	26582707068.8367	-13089969389.9575	-27186859502.2194	402768288.9218	120830486676.5305	2013841444.6088	-108747438008.8775	  0.0000	  0.0000	17117652279.1752	-33228383836.0459	
-13541089444.8644	14096890112.2619	-13541089444.8644	-14096890112.2619	-16571403209.9416	16110731556.8707	-16571403209.9416	-16110731556.8707	-10665382575.9066	  0.0000	-17935853893.9282	2013841444.6088	121585363106.7361	  0.0000	-17935853893.9282	-2013841444.6088	-13120198702.0929	  0.0000	
13089969389.9575	-27186859502.2194	-13089969389.9575	-27186859502.2194	17117652279.1752	-33228383836.0459	-17117652279.1752	-33228383836.0459	  0.0000	43498975203.5510	-2013841444.6088	-108747438008.8775	  0.0000	241660973353.0610	2013841444.6088	-108747438008.8775	  0.0000	53165414137.6734	
  0.0000	  0.0000	-5332691287.9533	-2819378022.4524	-6560099351.0465	3222146311.3741	  0.0000	  0.0000	-13541089444.8644	14096890112.2619	  0.0000	  0.0000	-17935853893.9282	2013841444.6088	60792681553.3680	-402768288.9218	-16571403209.9416	-16110731556.8707	
  0.0000	  0.0000	2617993877.9915	21749487601.7755	-3423530455.8350	26582707068.8367	  0.0000	  0.0000	13089969389.9575	-27186859502.2194	  0.0000	  0.0000	-2013841444.6088	-108747438008.8775	-402768288.9218	120830486676.5305	-17117652279.1752	-33228383836.0459	
  0.0000	  0.0000	  0.0000	  0.0000	-10088082467.7403	-4631835322.6003	-10088082467.7403	4631835322.6003	  0.0000	  0.0000	-16571403209.9416	17117652279.1752	-13120198702.0929	  0.0000	-16571403209.9416	-17117652279.1752	70811717871.4470	  0.0000	
  0.0000	  0.0000	  0.0000	  0.0000	4631835322.6003	-62630468927.3350	-4631835322.6003	-62630468927.3350	  0.0000	  0.0000	16110731556.8707	-33228383836.0459	  0.0000	53165414137.6734	-16110731556.8707	-33228383836.0459	  0.0000	138552291389.0883	


K_cc= 

25394589544.8039	  0.0000	-7843887962.6082	-5332691287.9533	-13541089444.8644	  0.0000	
  0.0000	25394589544.8039	-7843887962.6082	  0.0000	-13541089444.8644	-5332691287.9533	
-7843887962.6082	-7843887962.6082	50789179089.6078	-13541089444.8644	-10665382575.9066	-13541089444.8644	
-5332691287.9533	  0.0000	-13541089444.8644	60792681553.3680	-17935853893.9282	  0.0000	
-13541089444.8644	-13541089444.8644	-10665382575.9066	-17935853893.9282	121585363106.7361	-17935853893.9282	
  0.0000	-5332691287.9533	-13541089444.8644	  0.0000	-17935853893.9282	60792681553.3680	


K_ca= 

-11881664523.1922	  0.0000	  0.0000	  0.0000	  0.0000	  0.0000	1409689011.2262	-2617993877.9915	13089969389.9575	  0.0000	  0.0000	  0.0000	
  0.0000	11881664523.1922	  0.0000	  0.0000	  0.0000	  0.0000	-1409689011.2262	  0.0000	-13089969389.9575	2617993877.9915	  0.0000	  0.0000	
-1409689011.2262	1409689011.2262	  0.0000	  0.0000	  0.0000	  0.0000	  0.0000	-13089969389.9575	  0.0000	13089969389.9575	  0.0000	  0.0000	
2819378022.4524	  0.0000	  0.0000	  0.0000	-6560099351.0465	-3222146311.3741	-14096890112.2619	402768288.9218	-2013841444.6088	  0.0000	-16571403209.9416	16110731556.8707	
14096890112.2619	-14096890112.2619	-16571403209.9416	16110731556.8707	-16571403209.9416	-16110731556.8707	  0.0000	2013841444.6088	  0.0000	-2013841444.6088	-13120198702.0929	  0.0000	
  0.0000	-2819378022.4524	-6560099351.0465	3222146311.3741	  0.0000	  0.0000	14096890112.2619	  0.0000	2013841444.6088	-402768288.9218	-16571403209.9416	-16110731556.8707	


K_ac= 

-11881664523.1922	  0.0000	-1409689011.2262	2819378022.4524	14096890112.2619	  0.0000	
  0.0000	11881664523.1922	1409689011.2262	  0.0000	-14096890112.2619	-2819378022.4524	
  0.0000	  0.0000	  0.0000	  0.0000	-16571403209.9416	-6560099351.0465	
  0.0000	  0.0000	  0.0000	  0.0000	16110731556.8707	3222146311.3741	
  0.0000	  0.0000	  0.0000	-6560099351.0465	-16571403209.9416	  0.0000	
  0.0000	  0.0000	  0.0000	-3222146311.3741	-16110731556.8707	  0.0000	
1409689011.2262	-1409689011.2262	  0.0000	-14096890112.2619	  0.0000	14096890112.2619	
-2617993877.9915	  0.0000	-13089969389.9575	402768288.9218	2013841444.6088	  0.0000	
13089969389.9575	-13089969389.9575	  0.0000	-2013841444.6088	  0.0000	2013841444.6088	
  0.0000	2617993877.9915	13089969389.9575	  0.0000	-2013841444.6088	-402768288.9218	
  0.0000	  0.0000	  0.0000	-16571403209.9416	-13120198702.0929	-16571403209.9416	
  0.0000	  0.0000	  0.0000	16110731556.8707	  0.0000	-16110731556.8707	


K_aa= 

51554340981.9864	  0.0000	  0.0000	  0.0000	  0.0000	  0.0000	-46116969081.5425	21749487601.7755	-27186859502.2194	  0.0000	  0.0000	  0.0000	
  0.0000	51554340981.9864	  0.0000	  0.0000	  0.0000	  0.0000	-46116969081.5425	  0.0000	-27186859502.2194	21749487601.7755	  0.0000	  0.0000	
  0.0000	  0.0000	35405858935.7235	-18325957145.9405	  0.0000	  0.0000	  0.0000	  0.0000	17117652279.1752	-3423530455.8350	-10088082467.7403	4631835322.6003	
  0.0000	  0.0000	-18325957145.9405	69276145694.5442	  0.0000	  0.0000	  0.0000	  0.0000	-33228383836.0459	26582707068.8367	-4631835322.6003	-62630468927.3350	
  0.0000	  0.0000	  0.0000	  0.0000	35405858935.7235	18325957145.9405	  0.0000	3423530455.8350	-17117652279.1752	  0.0000	-10088082467.7403	-4631835322.6003	
  0.0000	  0.0000	  0.0000	  0.0000	18325957145.9405	69276145694.5442	  0.0000	26582707068.8367	-33228383836.0459	  0.0000	4631835322.6003	-62630468927.3350	
-46116969081.5425	-46116969081.5425	  0.0000	  0.0000	  0.0000	  0.0000	103108681963.9727	-27186859502.2194	43498975203.5510	-27186859502.2194	  0.0000	  0.0000	
21749487601.7755	  0.0000	  0.0000	  0.0000	3423530455.8350	26582707068.8367	-27186859502.2194	120830486676.5305	-108747438008.8775	  0.0000	17117652279.1752	-33228383836.0459	
-27186859502.2194	-27186859502.2194	17117652279.1752	-33228383836.0459	-17117652279.1752	-33228383836.0459	43498975203.5510	-108747438008.8775	241660973353.0610	-108747438008.8775	  0.0000	53165414137.6734	
  0.0000	21749487601.7755	-3423530455.8350	26582707068.8367	  0.0000	  0.0000	-27186859502.2194	  0.0000	-108747438008.8775	120830486676.5305	-17117652279.1752	-33228383836.0459	
  0.0000	  0.0000	-10088082467.7403	-4631835322.6003	-10088082467.7403	4631835322.6003	  0.0000	17117652279.1752	  0.0000	-17117652279.1752	70811717871.4470	  0.0000	
  0.0000	  0.0000	4631835322.6003	-62630468927.3350	-4631835322.6003	-62630468927.3350	  0.0000	-33228383836.0459	53165414137.6734	-33228383836.0459	  0.0000	138552291389.0883	


U_a= 

  0.0000	  0.0000	  0.0000	  0.0000	  0.0000	  0.0000	

F_c= 

-794.4644	794.4644	-1385.4387	1157.9238	-1385.4387	-1157.9238	  0.0000	-1991.5705	  0.0000	1991.5705	-2770.8774	  0.0000	

U= 

  0.0000	  0.0000	  0.0000	  0.0000	  0.0000	  0.0000	  0.0000	  0.0000	  0.0000	  0.0000	  0.0000	  0.0000	  0.0000	  0.0000	  0.0000	  0.0000	  0.0000	  0.0000	

F= 

1256.5000	-794.4644	1256.5000	794.4644	-1385.4387	1157.9238	-1385.4387	-1157.9238	2513.0000	  0.0000	  0.0000	-1991.5705	  0.0000	  0.0000	  0.0000	1991.5705	-2770.8774	  0.0000	

stress= 

0.00000000017816197808834493131421882784748*conj(t) + (6910.8485799639020115137100219727*(0.25*conj(s) + 0.25*conj(t) + 0.25*conj(s)*conj(t) + 0.25))/(0.0050000000000000044408920985006262*s + 0.044999999999999928945726423989981) - (15692.512844393029808998107910156*(0.25*conj(s) + 0.25*conj(t) - 0.25*conj(s)*conj(t) - 0.25))/(0.0050000000000000044408920985006262*s + 0.044999999999999928945726423989981) - (15692.512844393029808998107910156*(0.25*conj(s) - 0.25*conj(t) + 0.25*conj(s)*conj(t) - 0.25))/(0.0050000000000000044408920985006262*s + 0.044999999999999928945726423989981) + (6910.8485799639020115137100219727*(0.25*conj(s) - 0.25*conj(t) - 0.25*conj(s)*conj(t) + 0.25))/(0.0050000000000000044408920985006262*s + 0.044999999999999928945726423989981) - 2049054.995033442974090576171875		(6910.8485799639020115137100219727*(0.25*conj(s) + 0.25*conj(t) + 0.25*conj(s)*conj(t) + 0.25))/(0.0050000000000000044408920985006262*s + 0.044999999999999928945726423989981) - 0.00000000017816197808834493131421882784748*conj(t) - (15692.512844393029808998107910156*(0.25*conj(s) + 0.25*conj(t) - 0.25*conj(s)*conj(t) - 0.25))/(0.0050000000000000044408920985006262*s + 0.044999999999999928945726423989981) - (15692.512844393029808998107910156*(0.25*conj(s) - 0.25*conj(t) + 0.25*conj(s)*conj(t) - 0.25))/(0.0050000000000000044408920985006262*s + 0.044999999999999928945726423989981) + (6910.8485799639020115137100219727*(0.25*conj(s) - 0.25*conj(t) - 0.25*conj(s)*conj(t) + 0.25))/(0.0050000000000000044408920985006262*s + 0.044999999999999928945726423989981) - 2049054.995033442974090576171875		0.00000000017816197808834493131421882784748*conj(t) - (6910.8485799639020115137100219727*(0.25*conj(s) + 0.25*conj(t) - 0.25*conj(s)*conj(t) - 0.25))/(0.0050000000000000044408920985006262*s + 0.054999999999999715782905695959926) - (6910.8485799639020115137100219727*(0.25*conj(s) - 0.25*conj(t) + 0.25*conj(s)*conj(t) - 0.25))/(0.0050000000000000044408920985006262*s + 0.054999999999999715782905695959926) - 1612531.3353249132633209228515625		- 0.00000000017816197808834493131421882784748*conj(t) - (6910.8485799639020115137100219727*(0.25*conj(s) + 0.25*conj(t) - 0.25*conj(s)*conj(t) - 0.25))/(0.0050000000000000044408920985006262*s + 0.054999999999999715782905695959926) - (6910.8485799639020115137100219727*(0.25*conj(s) - 0.25*conj(t) + 0.25*conj(s)*conj(t) - 0.25))/(0.0050000000000000044408920985006262*s + 0.054999999999999715782905695959926) - 1612531.3353249132633209228515625		
0.00000000007635513346643306931717232449025*conj(t) + (16125.31335324910469353199005127*(0.25*conj(s) + 0.25*conj(t) + 0.25*conj(s)*conj(t) + 0.25))/(0.0050000000000000044408920985006262*s + 0.044999999999999928945726423989981) - (36615.863303584046661853790283203*(0.25*conj(s) + 0.25*conj(t) - 0.25*conj(s)*conj(t) - 0.25))/(0.0050000000000000044408920985006262*s + 0.044999999999999928945726423989981) - (36615.863303584046661853790283203*(0.25*conj(s) - 0.25*conj(t) + 0.25*conj(s)*conj(t) - 0.25))/(0.0050000000000000044408920985006262*s + 0.044999999999999928945726423989981) + (16125.31335324910469353199005127*(0.25*conj(s) - 0.25*conj(t) - 0.25*conj(s)*conj(t) + 0.25))/(0.0050000000000000044408920985006262*s + 0.044999999999999928945726423989981) - 878166.42644290626049041748046875		(16125.31335324910469353199005127*(0.25*conj(s) + 0.25*conj(t) + 0.25*conj(s)*conj(t) + 0.25))/(0.0050000000000000044408920985006262*s + 0.044999999999999928945726423989981) - 0.00000000007635513346643306931717232449025*conj(t) - (36615.863303584046661853790283203*(0.25*conj(s) + 0.25*conj(t) - 0.25*conj(s)*conj(t) - 0.25))/(0.0050000000000000044408920985006262*s + 0.044999999999999928945726423989981) - (36615.863303584046661853790283203*(0.25*conj(s) - 0.25*conj(t) + 0.25*conj(s)*conj(t) - 0.25))/(0.0050000000000000044408920985006262*s + 0.044999999999999928945726423989981) + (16125.31335324910469353199005127*(0.25*conj(s) - 0.25*conj(t) - 0.25*conj(s)*conj(t) + 0.25))/(0.0050000000000000044408920985006262*s + 0.044999999999999928945726423989981) - 878166.42644290626049041748046875		0.00000000007635513346643306931717232449025*conj(t) - (16125.31335324910469353199005127*(0.25*conj(s) + 0.25*conj(t) - 0.25*conj(s)*conj(t) - 0.25))/(0.0050000000000000044408920985006262*s + 0.054999999999999715782905695959926) - (16125.31335324910469353199005127*(0.25*conj(s) - 0.25*conj(t) + 0.25*conj(s)*conj(t) - 0.25))/(0.0050000000000000044408920985006262*s + 0.054999999999999715782905695959926) - 691084.85799638926982879638671875		- 0.00000000007635513346643306931717232449025*conj(t) - (16125.31335324910469353199005127*(0.25*conj(s) + 0.25*conj(t) - 0.25*conj(s)*conj(t) - 0.25))/(0.0050000000000000044408920985006262*s + 0.054999999999999715782905695959926) - (16125.31335324910469353199005127*(0.25*conj(s) - 0.25*conj(t) + 0.25*conj(s)*conj(t) - 0.25))/(0.0050000000000000044408920985006262*s + 0.054999999999999715782905695959926) - 691084.85799638926982879638671875		
0.00000000007635513346643306931717232449025*conj(t) + (6910.8485799639020115137100219727*(0.25*conj(s) + 0.25*conj(t) + 0.25*conj(s)*conj(t) + 0.25))/(0.0050000000000000044408920985006262*s + 0.044999999999999928945726423989981) - (15692.512844393029808998107910156*(0.25*conj(s) + 0.25*conj(t) - 0.25*conj(s)*conj(t) - 0.25))/(0.0050000000000000044408920985006262*s + 0.044999999999999928945726423989981) - (15692.512844393029808998107910156*(0.25*conj(s) - 0.25*conj(t) + 0.25*conj(s)*conj(t) - 0.25))/(0.0050000000000000044408920985006262*s + 0.044999999999999928945726423989981) + (6910.8485799639020115137100219727*(0.25*conj(s) - 0.25*conj(t) - 0.25*conj(s)*conj(t) + 0.25))/(0.0050000000000000044408920985006262*s + 0.044999999999999928945726423989981) - 878166.42644290626049041748046875		(6910.8485799639020115137100219727*(0.25*conj(s) + 0.25*conj(t) + 0.25*conj(s)*conj(t) + 0.25))/(0.0050000000000000044408920985006262*s + 0.044999999999999928945726423989981) - 0.00000000007635513346643306931717232449025*conj(t) - (15692.512844393029808998107910156*(0.25*conj(s) + 0.25*conj(t) - 0.25*conj(s)*conj(t) - 0.25))/(0.0050000000000000044408920985006262*s + 0.044999999999999928945726423989981) - (15692.512844393029808998107910156*(0.25*conj(s) - 0.25*conj(t) + 0.25*conj(s)*conj(t) - 0.25))/(0.0050000000000000044408920985006262*s + 0.044999999999999928945726423989981) + (6910.8485799639020115137100219727*(0.25*conj(s) - 0.25*conj(t) - 0.25*conj(s)*conj(t) + 0.25))/(0.0050000000000000044408920985006262*s + 0.044999999999999928945726423989981) - 878166.42644290626049041748046875		0.00000000007635513346643306931717232449025*conj(t) - (6910.8485799639020115137100219727*(0.25*conj(s) + 0.25*conj(t) - 0.25*conj(s)*conj(t) - 0.25))/(0.0050000000000000044408920985006262*s + 0.054999999999999715782905695959926) - (6910.8485799639020115137100219727*(0.25*conj(s) - 0.25*conj(t) + 0.25*conj(s)*conj(t) - 0.25))/(0.0050000000000000044408920985006262*s + 0.054999999999999715782905695959926) - 691084.85799638926982879638671875		- 0.00000000007635513346643306931717232449025*conj(t) - (6910.8485799639020115137100219727*(0.25*conj(s) + 0.25*conj(t) - 0.25*conj(s)*conj(t) - 0.25))/(0.0050000000000000044408920985006262*s + 0.054999999999999715782905695959926) - (6910.8485799639020115137100219727*(0.25*conj(s) - 0.25*conj(t) + 0.25*conj(s)*conj(t) - 0.25))/(0.0050000000000000044408920985006262*s + 0.054999999999999715782905695959926) - 691084.85799638926982879638671875		
0.00000000010180684462191186199704650335723*conj(s) + 0.00000000010180684462191186199704650335723		- 0.00000000010180684462191186199704650335723*conj(s) - 0.00000000010180684462191186199704650335723		0.00000000010180684462191186199704650335723*conj(s) - 0.00000000010180684462191186199704650335723		0.00000000010180684462191186199704650335723 - 0.00000000010180684462191186199704650335723*conj(s)		


strain= 

0.00000000000000000000066174449004242213989712695365597*conj(t) - 0.0000076107756958385249998477739552527		- 0.00000000000000000000066174449004242213989712695365597*conj(t) - 0.0000076107756958385249998477739552527		0.00000000000000000000066174449004242213989712695365597*conj(t) - 0.0000059894021026354491918364253422169		- 0.00000000000000000000066174449004242213989712695365597*conj(t) - 0.0000059894021026354491918364253422169		
(0.000000059894021026354017579913791013979*(0.25*conj(s) + 0.25*conj(t) + 0.25*conj(s)*conj(t) + 0.25))/(0.0050000000000000044408920985006262*s + 0.044999999999999928945726423989981) - (0.00000013600177798473852218939794678221*(0.25*conj(s) + 0.25*conj(t) - 0.25*conj(s)*conj(t) - 0.25))/(0.0050000000000000044408920985006262*s + 0.044999999999999928945726423989981) - (0.00000013600177798473852218939794678221*(0.25*conj(s) - 0.25*conj(t) + 0.25*conj(s)*conj(t) - 0.25))/(0.0050000000000000044408920985006262*s + 0.044999999999999928945726423989981) + (0.000000059894021026354017579913791013979*(0.25*conj(s) - 0.25*conj(t) - 0.25*conj(s)*conj(t) + 0.25))/(0.0050000000000000044408920985006262*s + 0.044999999999999928945726423989981)		(0.000000059894021026354017579913791013979*(0.25*conj(s) + 0.25*conj(t) + 0.25*conj(s)*conj(t) + 0.25))/(0.0050000000000000044408920985006262*s + 0.044999999999999928945726423989981) - (0.00000013600177798473852218939794678221*(0.25*conj(s) + 0.25*conj(t) - 0.25*conj(s)*conj(t) - 0.25))/(0.0050000000000000044408920985006262*s + 0.044999999999999928945726423989981) - (0.00000013600177798473852218939794678221*(0.25*conj(s) - 0.25*conj(t) + 0.25*conj(s)*conj(t) - 0.25))/(0.0050000000000000044408920985006262*s + 0.044999999999999928945726423989981) + (0.000000059894021026354017579913791013979*(0.25*conj(s) - 0.25*conj(t) - 0.25*conj(s)*conj(t) + 0.25))/(0.0050000000000000044408920985006262*s + 0.044999999999999928945726423989981)		- (0.000000059894021026354017579913791013979*(0.25*conj(s) + 0.25*conj(t) - 0.25*conj(s)*conj(t) - 0.25))/(0.0050000000000000044408920985006262*s + 0.054999999999999715782905695959926) - (0.000000059894021026354017579913791013979*(0.25*conj(s) - 0.25*conj(t) + 0.25*conj(s)*conj(t) - 0.25))/(0.0050000000000000044408920985006262*s + 0.054999999999999715782905695959926)		- (0.000000059894021026354017579913791013979*(0.25*conj(s) + 0.25*conj(t) - 0.25*conj(s)*conj(t) - 0.25))/(0.0050000000000000044408920985006262*s + 0.054999999999999715782905695959926) - (0.000000059894021026354017579913791013979*(0.25*conj(s) - 0.25*conj(t) + 0.25*conj(s)*conj(t) - 0.25))/(0.0050000000000000044408920985006262*s + 0.054999999999999715782905695959926)		
0		0		0		0		
0.0000000000000000000013234889800848442797942539073119*conj(s) + 0.0000000000000000000013234889800848442797942539073119		- 0.0000000000000000000013234889800848442797942539073119*conj(s) - 0.0000000000000000000013234889800848442797942539073119		0.0000000000000000000013234889800848442797942539073119*conj(s) - 0.0000000000000000000013234889800848442797942539073119		0.0000000000000000000013234889800848442797942539073119 - 0.0000000000000000000013234889800848442797942539073119*conj(s)		


stress_zero_point= 

-1797906.5348		-1797906.5348		-1549705.4391		-1549705.4391		
-292153.3525		-292153.3525		-544491.1002		-544491.1002		
-627017.9662		-627017.9662		-628258.9618		-628258.9618		
  0.0000		 -0.0000		 -0.0000		  0.0000		


strain_zero_point= 

 -0.0000		 -0.0000		 -0.0000		 -0.0000		
  0.0000		  0.0000		  0.0000		  0.0000		
  0.0000		  0.0000		  0.0000		  0.0000		
 -0.0000		 -0.0000		 -0.0000		  0.0000		
