element stiffness matrices:

4666666.6667	7000000.0000	-4666666.6667	7000000.0000	
7000000.0000	14000000.0000	-7000000.0000	7000000.0000	
-4666666.6667	-7000000.0000	4666666.6667	-7000000.0000	
7000000.0000	7000000.0000	-7000000.0000	14000000.0000	

4666666.6667	7000000.0000	-4666666.6667	7000000.0000	
7000000.0000	14000000.0000	-7000000.0000	7000000.0000	
-4666666.6667	-7000000.0000	4666666.6667	-7000000.0000	
7000000.0000	7000000.0000	-7000000.0000	14000000.0000	

1968750.0000	3937500.0000	-1968750.0000	3937500.0000	
3937500.0000	10500000.0000	-3937500.0000	5250000.0000	
-1968750.0000	-3937500.0000	1968750.0000	-3937500.0000	
3937500.0000	5250000.0000	-3937500.0000	10500000.0000	


global stiffness matrix:

4666666.6667	7000000.0000	-4666666.6667	7000000.0000	  0.0000	  0.0000	  0.0000	  0.0000	
7000000.0000	14000000.0000	-7000000.0000	7000000.0000	  0.0000	  0.0000	  0.0000	  0.0000	
-4666666.6667	-7000000.0000	9333333.3333	  0.0000	-4666666.6667	7000000.0000	  0.0000	  0.0000	
7000000.0000	7000000.0000	  0.0000	28000000.0000	-7000000.0000	7000000.0000	  0.0000	  0.0000	
  0.0000	  0.0000	-4666666.6667	-7000000.0000	6635416.6667	-3062500.0000	-1968750.0000	3937500.0000	
  0.0000	  0.0000	7000000.0000	7000000.0000	-3062500.0000	24500000.0000	-3937500.0000	5250000.0000	
  0.0000	  0.0000	  0.0000	  0.0000	-1968750.0000	-3937500.0000	1968750.0000	-3937500.0000	
  0.0000	  0.0000	  0.0000	  0.0000	3937500.0000	5250000.0000	-3937500.0000	10500000.0000	


K_cc= 

28000000.0000	7000000.0000	  0.0000	
7000000.0000	24500000.0000	5250000.0000	
  0.0000	5250000.0000	10500000.0000	


K_ca= 

7000000.0000	7000000.0000	  0.0000	-7000000.0000	  0.0000	
  0.0000	  0.0000	7000000.0000	-3062500.0000	-3937500.0000	
  0.0000	  0.0000	  0.0000	3937500.0000	-3937500.0000	


K_ac= 

7000000.0000	  0.0000	  0.0000	
7000000.0000	  0.0000	  0.0000	
  0.0000	7000000.0000	  0.0000	
-7000000.0000	-3062500.0000	3937500.0000	
  0.0000	-3937500.0000	-3937500.0000	


K_aa= 

4666666.6667	7000000.0000	-4666666.6667	  0.0000	  0.0000	
7000000.0000	14000000.0000	-7000000.0000	  0.0000	  0.0000	
-4666666.6667	-7000000.0000	9333333.3333	-4666666.6667	  0.0000	
  0.0000	  0.0000	-4666666.6667	6635416.6667	-1968750.0000	
  0.0000	  0.0000	  0.0000	-1968750.0000	1968750.0000	


U_a= 

  0.0006	 -0.0012	  0.0020	

F_c= 

3994.5652	3994.5652	-8478.2609	7724.1848	-3240.4891	

U= 

  0.0000	  0.0000	  0.0000	  0.0006	  0.0000	 -0.0012	  0.0000	  0.0020	

F= 

3994.5652	3994.5652	-8478.2609	7500.0000	7724.1848	-15000.0000	-3240.4891	15000.0000	

f_nodal= 

18994.5652	-4483.6957	18240.4891	
11494.5652	-489.1304	12961.9565	
11005.4348	4483.6957	11759.5109	
489.1304	-12961.9565	  0.0000	
