element stiffness matrices:

78974358974.3590	4206730769.2308	4206730769.2308	-78301282051.2820	841346153.8462	841346153.8462	-39318910256.4103	-4206730769.2308	420673076.9231	39150641025.6410	-841346153.8462	2103365384.6154	39150641025.6410	2103365384.6154	-841346153.8462	-39318910256.4103	420673076.9231	-4206730769.2308	-19743589743.5897	-2103365384.6154	-2103365384.6154	19407051282.0513	-420673076.9231	-420673076.9231	
4206730769.2308	23445512820.5128	420673076.9231	-841346153.8462	-21931089743.5897	210336538.4615	-4206730769.2308	-11554487179.4872	42067307.6923	841346153.8462	10544871794.8718	84134615.3846	2103365384.6154	11386217948.7179	-84134615.3846	-420673076.9231	-11133814102.5641	-42067307.6923	-2103365384.6154	-5861378205.1282	-210336538.4615	420673076.9231	5104166666.6667	-420673076.9231	
4206730769.2308	420673076.9231	23445512820.5128	-841346153.8462	210336538.4615	-21931089743.5897	-420673076.9231	-42067307.6923	-11133814102.5641	2103365384.6154	-84134615.3846	11386217948.7179	841346153.8462	84134615.3846	10544871794.8718	-4206730769.2308	42067307.6923	-11554487179.4872	-2103365384.6154	-210336538.4615	-5861378205.1282	420673076.9231	-420673076.9231	5104166666.6667	
-78301282051.2820	-841346153.8462	-841346153.8462	78974358974.3590	-4206730769.2308	-4206730769.2308	39150641025.6410	841346153.8462	-2103365384.6154	-39318910256.4103	4206730769.2308	-420673076.9231	-39318910256.4103	-420673076.9231	4206730769.2308	39150641025.6410	-2103365384.6154	841346153.8462	19407051282.0513	420673076.9231	420673076.9231	-19743589743.5897	2103365384.6154	2103365384.6154	
841346153.8462	-21931089743.5897	210336538.4615	-4206730769.2308	23445512820.5128	420673076.9231	-841346153.8462	10544871794.8718	84134615.3846	4206730769.2308	-11554487179.4872	42067307.6923	420673076.9231	-11133814102.5641	-42067307.6923	-2103365384.6154	11386217948.7179	-84134615.3846	-420673076.9231	5104166666.6667	-420673076.9231	2103365384.6154	-5861378205.1282	-210336538.4615	
841346153.8462	210336538.4615	-21931089743.5897	-4206730769.2308	420673076.9231	23445512820.5128	-2103365384.6154	-84134615.3846	11386217948.7179	420673076.9231	-42067307.6923	-11133814102.5641	4206730769.2308	42067307.6923	-11554487179.4872	-841346153.8462	84134615.3846	10544871794.8718	-420673076.9231	-420673076.9231	5104166666.6667	2103365384.6154	-210336538.4615	-5861378205.1282	
-39318910256.4103	-4206730769.2308	-420673076.9231	39150641025.6410	-841346153.8462	-2103365384.6154	78974358974.3590	4206730769.2308	-4206730769.2308	-78301282051.2820	841346153.8462	-841346153.8462	-19743589743.5897	-2103365384.6154	2103365384.6154	19407051282.0513	-420673076.9231	420673076.9231	39150641025.6410	2103365384.6154	841346153.8462	-39318910256.4103	420673076.9231	4206730769.2308	
-4206730769.2308	-11554487179.4872	-42067307.6923	841346153.8462	10544871794.8718	-84134615.3846	4206730769.2308	23445512820.5128	-420673076.9231	-841346153.8462	-21931089743.5897	-210336538.4615	-2103365384.6154	-5861378205.1282	210336538.4615	420673076.9231	5104166666.6667	420673076.9231	2103365384.6154	11386217948.7179	84134615.3846	-420673076.9231	-11133814102.5641	42067307.6923	
420673076.9231	42067307.6923	-11133814102.5641	-2103365384.6154	84134615.3846	11386217948.7179	-4206730769.2308	-420673076.9231	23445512820.5128	841346153.8462	-210336538.4615	-21931089743.5897	2103365384.6154	210336538.4615	-5861378205.1282	-420673076.9231	420673076.9231	5104166666.6667	-841346153.8462	-84134615.3846	10544871794.8718	4206730769.2308	-42067307.6923	-11554487179.4872	
39150641025.6410	841346153.8462	2103365384.6154	-39318910256.4103	4206730769.2308	420673076.9231	-78301282051.2820	-841346153.8462	841346153.8462	78974358974.3590	-4206730769.2308	4206730769.2308	19407051282.0513	420673076.9231	-420673076.9231	-19743589743.5897	2103365384.6154	-2103365384.6154	-39318910256.4103	-420673076.9231	-4206730769.2308	39150641025.6410	-2103365384.6154	-841346153.8462	
-841346153.8462	10544871794.8718	-84134615.3846	4206730769.2308	-11554487179.4872	-42067307.6923	841346153.8462	-21931089743.5897	-210336538.4615	-4206730769.2308	23445512820.5128	-420673076.9231	-420673076.9231	5104166666.6667	420673076.9231	2103365384.6154	-5861378205.1282	210336538.4615	420673076.9231	-11133814102.5641	42067307.6923	-2103365384.6154	11386217948.7179	84134615.3846	
2103365384.6154	84134615.3846	11386217948.7179	-420673076.9231	42067307.6923	-11133814102.5641	-841346153.8462	-210336538.4615	-21931089743.5897	4206730769.2308	-420673076.9231	23445512820.5128	420673076.9231	420673076.9231	5104166666.6667	-2103365384.6154	210336538.4615	-5861378205.1282	-4206730769.2308	-42067307.6923	-11554487179.4872	841346153.8462	-84134615.3846	10544871794.8718	
39150641025.6410	2103365384.6154	841346153.8462	-39318910256.4103	420673076.9231	4206730769.2308	-19743589743.5897	-2103365384.6154	2103365384.6154	19407051282.0513	-420673076.9231	420673076.9231	78974358974.3590	4206730769.2308	-4206730769.2308	-78301282051.2820	841346153.8462	-841346153.8462	-39318910256.4103	-4206730769.2308	-420673076.9231	39150641025.6410	-841346153.8462	-2103365384.6154	
2103365384.6154	11386217948.7179	84134615.3846	-420673076.9231	-11133814102.5641	42067307.6923	-2103365384.6154	-5861378205.1282	210336538.4615	420673076.9231	5104166666.6667	420673076.9231	4206730769.2308	23445512820.5128	-420673076.9231	-841346153.8462	-21931089743.5897	-210336538.4615	-4206730769.2308	-11554487179.4872	-42067307.6923	841346153.8462	10544871794.8718	-84134615.3846	
-841346153.8462	-84134615.3846	10544871794.8718	4206730769.2308	-42067307.6923	-11554487179.4872	2103365384.6154	210336538.4615	-5861378205.1282	-420673076.9231	420673076.9231	5104166666.6667	-4206730769.2308	-420673076.9231	23445512820.5128	841346153.8462	-210336538.4615	-21931089743.5897	420673076.9231	42067307.6923	-11133814102.5641	-2103365384.6154	84134615.3846	11386217948.7179	
-39318910256.4103	-420673076.9231	-4206730769.2308	39150641025.6410	-2103365384.6154	-841346153.8462	19407051282.0513	420673076.9231	-420673076.9231	-19743589743.5897	2103365384.6154	-2103365384.6154	-78301282051.2820	-841346153.8462	841346153.8462	78974358974.3590	-4206730769.2308	4206730769.2308	39150641025.6410	841346153.8462	2103365384.6154	-39318910256.4103	4206730769.2308	420673076.9231	
420673076.9231	-11133814102.5641	42067307.6923	-2103365384.6154	11386217948.7179	84134615.3846	-420673076.9231	5104166666.6667	420673076.9231	2103365384.6154	-5861378205.1282	210336538.4615	841346153.8462	-21931089743.5897	-210336538.4615	-4206730769.2308	23445512820.5128	-420673076.9231	-841346153.8462	10544871794.8718	-84134615.3846	4206730769.2308	-11554487179.4872	-42067307.6923	
-4206730769.2308	-42067307.6923	-11554487179.4872	841346153.8462	-84134615.3846	10544871794.8718	420673076.9231	420673076.9231	5104166666.6667	-2103365384.6154	210336538.4615	-5861378205.1282	-841346153.8462	-210336538.4615	-21931089743.5897	4206730769.2308	-420673076.9231	23445512820.5128	2103365384.6154	84134615.3846	11386217948.7179	-420673076.9231	42067307.6923	-11133814102.5641	
-19743589743.5897	-2103365384.6154	-2103365384.6154	19407051282.0513	-420673076.9231	-420673076.9231	39150641025.6410	2103365384.6154	-841346153.8462	-39318910256.4103	420673076.9231	-4206730769.2308	-39318910256.4103	-4206730769.2308	420673076.9231	39150641025.6410	-841346153.8462	2103365384.6154	78974358974.3590	4206730769.2308	4206730769.2308	-78301282051.2820	841346153.8462	841346153.8462	
-2103365384.6154	-5861378205.1282	-210336538.4615	420673076.9231	5104166666.6667	-420673076.9231	2103365384.6154	11386217948.7179	-84134615.3846	-420673076.9231	-11133814102.5641	-42067307.6923	-4206730769.2308	-11554487179.4872	42067307.6923	841346153.8462	10544871794.8718	84134615.3846	4206730769.2308	23445512820.5128	420673076.9231	-841346153.8462	-21931089743.5897	210336538.4615	
-2103365384.6154	-210336538.4615	-5861378205.1282	420673076.9231	-420673076.9231	5104166666.6667	841346153.8462	84134615.3846	10544871794.8718	-4206730769.2308	42067307.6923	-11554487179.4872	-420673076.9231	-42067307.6923	-11133814102.5641	2103365384.6154	-84134615.3846	11386217948.7179	4206730769.2308	420673076.9231	23445512820.5128	-841346153.8462	210336538.4615	-21931089743.5897	
19407051282.0513	420673076.9231	420673076.9231	-19743589743.5897	2103365384.6154	2103365384.6154	-39318910256.4103	-420673076.9231	4206730769.2308	39150641025.6410	-2103365384.6154	841346153.8462	39150641025.6410	841346153.8462	-2103365384.6154	-39318910256.4103	4206730769.2308	-420673076.9231	-78301282051.2820	-841346153.8462	-841346153.8462	78974358974.3590	-4206730769.2308	-4206730769.2308	
-420673076.9231	5104166666.6667	-420673076.9231	2103365384.6154	-5861378205.1282	-210336538.4615	420673076.9231	-11133814102.5641	-42067307.6923	-2103365384.6154	11386217948.7179	-84134615.3846	-841346153.8462	10544871794.8718	84134615.3846	4206730769.2308	-11554487179.4872	42067307.6923	841346153.8462	-21931089743.5897	210336538.4615	-4206730769.2308	23445512820.5128	420673076.9231	
-420673076.9231	-420673076.9231	5104166666.6667	2103365384.6154	-210336538.4615	-5861378205.1282	4206730769.2308	42067307.6923	-11554487179.4872	-841346153.8462	84134615.3846	10544871794.8718	-2103365384.6154	-84134615.3846	11386217948.7179	420673076.9231	-42067307.6923	-11133814102.5641	841346153.8462	210336538.4615	-21931089743.5897	-4206730769.2308	420673076.9231	23445512820.5128	

78974358974.3590	4206730769.2308	4206730769.2308	-78301282051.2820	841346153.8462	841346153.8462	-39318910256.4103	-4206730769.2308	420673076.9231	39150641025.6410	-841346153.8462	2103365384.6154	39150641025.6410	2103365384.6154	-841346153.8462	-39318910256.4103	420673076.9231	-4206730769.2308	-19743589743.5897	-2103365384.6154	-2103365384.6154	19407051282.0513	-420673076.9231	-420673076.9231	
4206730769.2308	23445512820.5128	420673076.9231	-841346153.8462	-21931089743.5897	210336538.4615	-4206730769.2308	-11554487179.4872	42067307.6923	841346153.8462	10544871794.8718	84134615.3846	2103365384.6154	11386217948.7179	-84134615.3846	-420673076.9231	-11133814102.5641	-42067307.6923	-2103365384.6154	-5861378205.1282	-210336538.4615	420673076.9231	5104166666.6667	-420673076.9231	
4206730769.2308	420673076.9231	23445512820.5128	-841346153.8462	210336538.4615	-21931089743.5897	-420673076.9231	-42067307.6923	-11133814102.5641	2103365384.6154	-84134615.3846	11386217948.7179	841346153.8462	84134615.3846	10544871794.8718	-4206730769.2308	42067307.6923	-11554487179.4872	-2103365384.6154	-210336538.4615	-5861378205.1282	420673076.9231	-420673076.9231	5104166666.6667	
-78301282051.2820	-841346153.8462	-841346153.8462	78974358974.3590	-4206730769.2308	-4206730769.2308	39150641025.6410	841346153.8462	-2103365384.6154	-39318910256.4103	4206730769.2308	-420673076.9231	-39318910256.4103	-420673076.9231	4206730769.2308	39150641025.6410	-2103365384.6154	841346153.8462	19407051282.0513	420673076.9231	420673076.9231	-19743589743.5897	2103365384.6154	2103365384.6154	
841346153.8462	-21931089743.5897	210336538.4615	-4206730769.2308	23445512820.5128	420673076.9231	-841346153.8462	10544871794.8718	84134615.3846	4206730769.2308	-11554487179.4872	42067307.6923	420673076.9231	-11133814102.5641	-42067307.6923	-2103365384.6154	11386217948.7179	-84134615.3846	-420673076.9231	5104166666.6667	-420673076.9231	2103365384.6154	-5861378205.1282	-210336538.4615	
841346153.8462	210336538.4615	-21931089743.5897	-4206730769.2308	420673076.9231	23445512820.5128	-2103365384.6154	-84134615.3846	11386217948.7179	420673076.9231	-42067307.6923	-11133814102.5641	4206730769.2308	42067307.6923	-11554487179.4872	-841346153.8462	84134615.3846	10544871794.8718	-420673076.9231	-420673076.9231	5104166666.6667	2103365384.6154	-210336538.4615	-5861378205.1282	
-39318910256.4103	-4206730769.2308	-420673076.9231	39150641025.6410	-841346153.8462	-2103365384.6154	78974358974.3590	4206730769.2308	-4206730769.2308	-78301282051.2820	841346153.8462	-841346153.8462	-19743589743.5897	-2103365384.6154	2103365384.6154	19407051282.0513	-420673076.9231	420673076.9231	39150641025.6410	2103365384.6154	841346153.8462	-39318910256.4103	420673076.9231	4206730769.2308	
-4206730769.2308	-11554487179.4872	-42067307.6923	841346153.8462	10544871794.8718	-84134615.3846	4206730769.2308	23445512820.5128	-420673076.9231	-841346153.8462	-21931089743.5897	-210336538.4615	-2103365384.6154	-5861378205.1282	210336538.4615	420673076.9231	5104166666.6667	420673076.9231	2103365384.6154	11386217948.7179	84134615.3846	-420673076.9231	-11133814102.5641	42067307.6923	
420673076.9231	42067307.6923	-11133814102.5641	-2103365384.6154	84134615.3846	11386217948.7179	-4206730769.2308	-420673076.9231	23445512820.5128	841346153.8462	-210336538.4615	-21931089743.5897	2103365384.6154	210336538.4615	-5861378205.1282	-420673076.9231	420673076.9231	5104166666.6667	-841346153.8462	-84134615.3846	10544871794.8718	4206730769.2308	-42067307.6923	-11554487179.4872	
39150641025.6410	841346153.8462	2103365384.6154	-39318910256.4103	4206730769.2308	420673076.9231	-78301282051.2820	-841346153.8462	841346153.8462	78974358974.3590	-4206730769.2308	4206730769.2308	19407051282.0513	420673076.9231	-420673076.9231	-19743589743.5897	2103365384.6154	-2103365384.6154	-39318910256.4103	-420673076.9231	-4206730769.2308	39150641025.6410	-2103365384.6154	-841346153.8462	
-841346153.8462	10544871794.8718	-84134615.3846	4206730769.2308	-11554487179.4872	-42067307.6923	841346153.8462	-21931089743.5897	-210336538.4615	-4206730769.2308	23445512820.5128	-420673076.9231	-420673076.9231	5104166666.6667	420673076.9231	2103365384.6154	-5861378205.1282	210336538.4615	420673076.9231	-11133814102.5641	42067307.6923	-2103365384.6154	11386217948.7179	84134615.3846	
2103365384.6154	84134615.3846	11386217948.7179	-420673076.9231	42067307.6923	-11133814102.5641	-841346153.8462	-210336538.4615	-21931089743.5897	4206730769.2308	-420673076.9231	23445512820.5128	420673076.9231	420673076.9231	5104166666.6667	-2103365384.6154	210336538.4615	-5861378205.1282	-4206730769.2308	-42067307.6923	-11554487179.4872	841346153.8462	-84134615.3846	10544871794.8718	
39150641025.6410	2103365384.6154	841346153.8462	-39318910256.4103	420673076.9231	4206730769.2308	-19743589743.5897	-2103365384.6154	2103365384.6154	19407051282.0513	-420673076.9231	420673076.9231	78974358974.3590	4206730769.2308	-4206730769.2308	-78301282051.2820	841346153.8462	-841346153.8462	-39318910256.4103	-4206730769.2308	-420673076.9231	39150641025.6410	-841346153.8462	-2103365384.6154	
2103365384.6154	11386217948.7179	84134615.3846	-420673076.9231	-11133814102.5641	42067307.6923	-2103365384.6154	-5861378205.1282	210336538.4615	420673076.9231	5104166666.6667	420673076.9231	4206730769.2308	23445512820.5128	-420673076.9231	-841346153.8462	-21931089743.5897	-210336538.4615	-4206730769.2308	-11554487179.4872	-42067307.6923	841346153.8462	10544871794.8718	-84134615.3846	
-841346153.8462	-84134615.3846	10544871794.8718	4206730769.2308	-42067307.6923	-11554487179.4872	2103365384.6154	210336538.4615	-5861378205.1282	-420673076.9231	420673076.9231	5104166666.6667	-4206730769.2308	-420673076.9231	23445512820.5128	841346153.8462	-210336538.4615	-21931089743.5897	420673076.9231	42067307.6923	-11133814102.5641	-2103365384.6154	84134615.3846	11386217948.7179	
-39318910256.4103	-420673076.9231	-4206730769.2308	39150641025.6410	-2103365384.6154	-841346153.8462	19407051282.0513	420673076.9231	-420673076.9231	-19743589743.5897	2103365384.6154	-2103365384.6154	-78301282051.2820	-841346153.8462	841346153.8462	78974358974.3590	-4206730769.2308	4206730769.2308	39150641025.6410	841346153.8462	2103365384.6154	-39318910256.4103	4206730769.2308	420673076.9231	
420673076.9231	-11133814102.5641	42067307.6923	-2103365384.6154	11386217948.7179	84134615.3846	-420673076.9231	5104166666.6667	420673076.9231	2103365384.6154	-5861378205.1282	210336538.4615	841346153.8462	-21931089743.5897	-210336538.4615	-4206730769.2308	23445512820.5128	-420673076.9231	-841346153.8462	10544871794.8718	-84134615.3846	4206730769.2308	-11554487179.4872	-42067307.6923	
-4206730769.2308	-42067307.6923	-11554487179.4872	841346153.8462	-84134615.3846	10544871794.8718	420673076.9231	420673076.9231	5104166666.6667	-2103365384.6154	210336538.4615	-5861378205.1282	-841346153.8462	-210336538.4615	-21931089743.5897	4206730769.2308	-420673076.9231	23445512820.5128	2103365384.6154	84134615.3846	11386217948.7179	-420673076.9231	42067307.6923	-11133814102.5641	
-19743589743.5897	-2103365384.6154	-2103365384.6154	19407051282.0513	-420673076.9231	-420673076.9231	39150641025.6410	2103365384.6154	-841346153.8462	-39318910256.4103	420673076.9231	-4206730769.2308	-39318910256.4103	-4206730769.2308	420673076.9231	39150641025.6410	-841346153.8462	2103365384.6154	78974358974.3590	4206730769.2308	4206730769.2308	-78301282051.2820	841346153.8462	841346153.8462	
-2103365384.6154	-5861378205.1282	-210336538.4615	420673076.9231	5104166666.6667	-420673076.9231	2103365384.6154	11386217948.7179	-84134615.3846	-420673076.9231	-11133814102.5641	-42067307.6923	-4206730769.2308	-11554487179.4872	42067307.6923	841346153.8462	10544871794.8718	84134615.3846	4206730769.2308	23445512820.5128	420673076.9231	-841346153.8462	-21931089743.5897	210336538.4615	
-2103365384.6154	-210336538.4615	-5861378205.1282	420673076.9231	-420673076.9231	5104166666.6667	841346153.8462	84134615.3846	10544871794.8718	-4206730769.2308	42067307.6923	-11554487179.4872	-420673076.9231	-42067307.6923	-11133814102.5641	2103365384.6154	-84134615.3846	11386217948.7179	4206730769.2308	420673076.9231	23445512820.5128	-841346153.8462	210336538.4615	-21931089743.5897	
19407051282.0513	420673076.9231	420673076.9231	-19743589743.5897	2103365384.6154	2103365384.6154	-39318910256.4103	-420673076.9231	4206730769.2308	39150641025.6410	-2103365384.6154	841346153.8462	39150641025.6410	841346153.8462	-2103365384.6154	-39318910256.4103	4206730769.2308	-420673076.9231	-78301282051.2820	-841346153.8462	-841346153.8462	78974358974.3590	-4206730769.2308	-4206730769.2308	
-420673076.9231	5104166666.6667	-420673076.9231	2103365384.6154	-5861378205.1282	-210336538.4615	420673076.9231	-11133814102.5641	-42067307.6923	-2103365384.6154	11386217948.7179	-84134615.3846	-841346153.8462	10544871794.8718	84134615.3846	4206730769.2308	-11554487179.4872	42067307.6923	841346153.8462	-21931089743.5897	210336538.4615	-4206730769.2308	23445512820.5128	420673076.9231	
-420673076.9231	-420673076.9231	5104166666.6667	2103365384.6154	-210336538.4615	-5861378205.1282	4206730769.2308	42067307.6923	-11554487179.4872	-841346153.8462	84134615.3846	10544871794.8718	-2103365384.6154	-84134615.3846	11386217948.7179	420673076.9231	-42067307.6923	-11133814102.5641	841346153.8462	210336538.4615	-21931089743.5897	-4206730769.2308	420673076.9231	23445512820.5128	


global stiffness matrix:

78974358974.3590	4206730769.2308	4206730769.2308	-78301282051.2820	841346153.8462	841346153.8462	  0.0000	  0.0000	  0.0000	  0.0000	  0.0000	  0.0000	39150641025.6410	2103365384.6154	-841346153.8462	-39318910256.4103	420673076.9231	-4206730769.2308	  0.0000	  0.0000	  0.0000	  0.0000	  0.0000	  0.0000	-39318910256.4103	-4206730769.2308	420673076.9231	39150641025.6410	-841346153.8462	2103365384.6154	-19743589743.5897	-2103365384.6154	-2103365384.6154	19407051282.0513	-420673076.9231	-420673076.9231	
4206730769.2308	23445512820.5128	420673076.9231	-841346153.8462	-21931089743.5897	210336538.4615	  0.0000	  0.0000	  0.0000	  0.0000	  0.0000	  0.0000	2103365384.6154	11386217948.7179	-84134615.3846	-420673076.9231	-11133814102.5641	-42067307.6923	  0.0000	  0.0000	  0.0000	  0.0000	  0.0000	  0.0000	-4206730769.2308	-11554487179.4872	42067307.6923	841346153.8462	10544871794.8718	84134615.3846	-2103365384.6154	-5861378205.1282	-210336538.4615	420673076.9231	5104166666.6667	-420673076.9231	
4206730769.2308	420673076.9231	23445512820.5128	-841346153.8462	210336538.4615	-21931089743.5897	  0.0000	  0.0000	  0.0000	  0.0000	  0.0000	  0.0000	841346153.8462	84134615.3846	10544871794.8718	-4206730769.2308	42067307.6923	-11554487179.4872	  0.0000	  0.0000	  0.0000	  0.0000	  0.0000	  0.0000	-420673076.9231	-42067307.6923	-11133814102.5641	2103365384.6154	-84134615.3846	11386217948.7179	-2103365384.6154	-210336538.4615	-5861378205.1282	420673076.9231	-420673076.9231	5104166666.6667	
-78301282051.2820	-841346153.8462	-841346153.8462	78974358974.3590	-4206730769.2308	-4206730769.2308	  0.0000	  0.0000	  0.0000	  0.0000	  0.0000	  0.0000	-39318910256.4103	-420673076.9231	4206730769.2308	39150641025.6410	-2103365384.6154	841346153.8462	  0.0000	  0.0000	  0.0000	  0.0000	  0.0000	  0.0000	39150641025.6410	841346153.8462	-2103365384.6154	-39318910256.4103	4206730769.2308	-420673076.9231	19407051282.0513	420673076.9231	420673076.9231	-19743589743.5897	2103365384.6154	2103365384.6154	
841346153.8462	-21931089743.5897	210336538.4615	-4206730769.2308	23445512820.5128	420673076.9231	  0.0000	  0.0000	  0.0000	  0.0000	  0.0000	  0.0000	420673076.9231	-11133814102.5641	-42067307.6923	-2103365384.6154	11386217948.7179	-84134615.3846	  0.0000	  0.0000	  0.0000	  0.0000	  0.0000	  0.0000	-841346153.8462	10544871794.8718	84134615.3846	4206730769.2308	-11554487179.4872	42067307.6923	-420673076.9231	5104166666.6667	-420673076.9231	2103365384.6154	-5861378205.1282	-210336538.4615	
841346153.8462	210336538.4615	-21931089743.5897	-4206730769.2308	420673076.9231	23445512820.5128	  0.0000	  0.0000	  0.0000	  0.0000	  0.0000	  0.0000	4206730769.2308	42067307.6923	-11554487179.4872	-841346153.8462	84134615.3846	10544871794.8718	  0.0000	  0.0000	  0.0000	  0.0000	  0.0000	  0.0000	-2103365384.6154	-84134615.3846	11386217948.7179	420673076.9231	-42067307.6923	-11133814102.5641	-420673076.9231	-420673076.9231	5104166666.6667	2103365384.6154	-210336538.4615	-5861378205.1282	
  0.0000	  0.0000	  0.0000	  0.0000	  0.0000	  0.0000	78974358974.3590	-4206730769.2308	4206730769.2308	-78301282051.2820	-841346153.8462	841346153.8462	  0.0000	  0.0000	  0.0000	  0.0000	  0.0000	  0.0000	39150641025.6410	-2103365384.6154	-841346153.8462	-39318910256.4103	-420673076.9231	-4206730769.2308	-39318910256.4103	4206730769.2308	420673076.9231	39150641025.6410	841346153.8462	2103365384.6154	-19743589743.5897	2103365384.6154	-2103365384.6154	19407051282.0513	420673076.9231	-420673076.9231	
  0.0000	  0.0000	  0.0000	  0.0000	  0.0000	  0.0000	-4206730769.2308	23445512820.5128	-420673076.9231	841346153.8462	-21931089743.5897	-210336538.4615	  0.0000	  0.0000	  0.0000	  0.0000	  0.0000	  0.0000	-2103365384.6154	11386217948.7179	84134615.3846	420673076.9231	-11133814102.5641	42067307.6923	4206730769.2308	-11554487179.4872	-42067307.6923	-841346153.8462	10544871794.8718	-84134615.3846	2103365384.6154	-5861378205.1282	210336538.4615	-420673076.9231	5104166666.6667	420673076.9231	
  0.0000	  0.0000	  0.0000	  0.0000	  0.0000	  0.0000	4206730769.2308	-420673076.9231	23445512820.5128	-841346153.8462	-210336538.4615	-21931089743.5897	  0.0000	  0.0000	  0.0000	  0.0000	  0.0000	  0.0000	841346153.8462	-84134615.3846	10544871794.8718	-4206730769.2308	-42067307.6923	-11554487179.4872	-420673076.9231	42067307.6923	-11133814102.5641	2103365384.6154	84134615.3846	11386217948.7179	-2103365384.6154	210336538.4615	-5861378205.1282	420673076.9231	420673076.9231	5104166666.6667	
  0.0000	  0.0000	  0.0000	  0.0000	  0.0000	  0.0000	-78301282051.2820	841346153.8462	-841346153.8462	78974358974.3590	4206730769.2308	-4206730769.2308	  0.0000	  0.0000	  0.0000	  0.0000	  0.0000	  0.0000	-39318910256.4103	420673076.9231	4206730769.2308	39150641025.6410	2103365384.6154	841346153.8462	39150641025.6410	-841346153.8462	-2103365384.6154	-39318910256.4103	-4206730769.2308	-420673076.9231	19407051282.0513	-420673076.9231	420673076.9231	-19743589743.5897	-2103365384.6154	2103365384.6154	
  0.0000	  0.0000	  0.0000	  0.0000	  0.0000	  0.0000	-841346153.8462	-21931089743.5897	-210336538.4615	4206730769.2308	23445512820.5128	-420673076.9231	  0.0000	  0.0000	  0.0000	  0.0000	  0.0000	  0.0000	-420673076.9231	-11133814102.5641	42067307.6923	2103365384.6154	11386217948.7179	84134615.3846	841346153.8462	10544871794.8718	-84134615.3846	-4206730769.2308	-11554487179.4872	-42067307.6923	420673076.9231	5104166666.6667	420673076.9231	-2103365384.6154	-5861378205.1282	210336538.4615	
  0.0000	  0.0000	  0.0000	  0.0000	  0.0000	  0.0000	841346153.8462	-210336538.4615	-21931089743.5897	-4206730769.2308	-420673076.9231	23445512820.5128	  0.0000	  0.0000	  0.0000	  0.0000	  0.0000	  0.0000	4206730769.2308	-42067307.6923	-11554487179.4872	-841346153.8462	-84134615.3846	10544871794.8718	-2103365384.6154	84134615.3846	11386217948.7179	420673076.9231	42067307.6923	-11133814102.5641	-420673076.9231	420673076.9231	5104166666.6667	2103365384.6154	210336538.4615	-5861378205.1282	
39150641025.6410	2103365384.6154	841346153.8462	-39318910256.4103	420673076.9231	4206730769.2308	  0.0000	  0.0000	  0.0000	  0.0000	  0.0000	  0.0000	78974358974.3590	4206730769.2308	-4206730769.2308	-78301282051.2820	841346153.8462	-841346153.8462	  0.0000	  0.0000	  0.0000	  0.0000	  0.0000	  0.0000	-19743589743.5897	-2103365384.6154	2103365384.6154	19407051282.0513	-420673076.9231	420673076.9231	-39318910256.4103	-4206730769.2308	-420673076.9231	39150641025.6410	-841346153.8462	-2103365384.6154	
2103365384.6154	11386217948.7179	84134615.3846	-420673076.9231	-11133814102.5641	42067307.6923	  0.0000	  0.0000	  0.0000	  0.0000	  0.0000	  0.0000	4206730769.2308	23445512820.5128	-420673076.9231	-841346153.8462	-21931089743.5897	-210336538.4615	  0.0000	  0.0000	  0.0000	  0.0000	  0.0000	  0.0000	-2103365384.6154	-5861378205.1282	210336538.4615	420673076.9231	5104166666.6667	420673076.9231	-4206730769.2308	-11554487179.4872	-42067307.6923	841346153.8462	10544871794.8718	-84134615.3846	
-841346153.8462	-84134615.3846	10544871794.8718	4206730769.2308	-42067307.6923	-11554487179.4872	  0.0000	  0.0000	  0.0000	  0.0000	  0.0000	  0.0000	-4206730769.2308	-420673076.9231	23445512820.5128	841346153.8462	-210336538.4615	-21931089743.5897	  0.0000	  0.0000	  0.0000	  0.0000	  0.0000	  0.0000	2103365384.6154	210336538.4615	-5861378205.1282	-420673076.9231	420673076.9231	5104166666.6667	420673076.9231	42067307.6923	-11133814102.5641	-2103365384.6154	84134615.3846	11386217948.7179	
-39318910256.4103	-420673076.9231	-4206730769.2308	39150641025.6410	-2103365384.6154	-841346153.8462	  0.0000	  0.0000	  0.0000	  0.0000	  0.0000	  0.0000	-78301282051.2820	-841346153.8462	841346153.8462	78974358974.3590	-4206730769.2308	4206730769.2308	  0.0000	  0.0000	  0.0000	  0.0000	  0.0000	  0.0000	19407051282.0513	420673076.9231	-420673076.9231	-19743589743.5897	2103365384.6154	-2103365384.6154	39150641025.6410	841346153.8462	2103365384.6154	-39318910256.4103	4206730769.2308	420673076.9231	
420673076.9231	-11133814102.5641	42067307.6923	-2103365384.6154	11386217948.7179	84134615.3846	  0.0000	  0.0000	  0.0000	  0.0000	  0.0000	  0.0000	841346153.8462	-21931089743.5897	-210336538.4615	-4206730769.2308	23445512820.5128	-420673076.9231	  0.0000	  0.0000	  0.0000	  0.0000	  0.0000	  0.0000	-420673076.9231	5104166666.6667	420673076.9231	2103365384.6154	-5861378205.1282	210336538.4615	-841346153.8462	10544871794.8718	-84134615.3846	4206730769.2308	-11554487179.4872	-42067307.6923	
-4206730769.2308	-42067307.6923	-11554487179.4872	841346153.8462	-84134615.3846	10544871794.8718	  0.0000	  0.0000	  0.0000	  0.0000	  0.0000	  0.0000	-841346153.8462	-210336538.4615	-21931089743.5897	4206730769.2308	-420673076.9231	23445512820.5128	  0.0000	  0.0000	  0.0000	  0.0000	  0.0000	  0.0000	420673076.9231	420673076.9231	5104166666.6667	-2103365384.6154	210336538.4615	-5861378205.1282	2103365384.6154	84134615.3846	11386217948.7179	-420673076.9231	42067307.6923	-11133814102.5641	
  0.0000	  0.0000	  0.0000	  0.0000	  0.0000	  0.0000	39150641025.6410	-2103365384.6154	841346153.8462	-39318910256.4103	-420673076.9231	4206730769.2308	  0.0000	  0.0000	  0.0000	  0.0000	  0.0000	  0.0000	78974358974.3590	-4206730769.2308	-4206730769.2308	-78301282051.2820	-841346153.8462	-841346153.8462	-19743589743.5897	2103365384.6154	2103365384.6154	19407051282.0513	420673076.9231	420673076.9231	-39318910256.4103	4206730769.2308	-420673076.9231	39150641025.6410	841346153.8462	-2103365384.6154	
  0.0000	  0.0000	  0.0000	  0.0000	  0.0000	  0.0000	-2103365384.6154	11386217948.7179	-84134615.3846	420673076.9231	-11133814102.5641	-42067307.6923	  0.0000	  0.0000	  0.0000	  0.0000	  0.0000	  0.0000	-4206730769.2308	23445512820.5128	420673076.9231	841346153.8462	-21931089743.5897	210336538.4615	2103365384.6154	-5861378205.1282	-210336538.4615	-420673076.9231	5104166666.6667	-420673076.9231	4206730769.2308	-11554487179.4872	42067307.6923	-841346153.8462	10544871794.8718	84134615.3846	
  0.0000	  0.0000	  0.0000	  0.0000	  0.0000	  0.0000	-841346153.8462	84134615.3846	10544871794.8718	4206730769.2308	42067307.6923	-11554487179.4872	  0.0000	  0.0000	  0.0000	  0.0000	  0.0000	  0.0000	-4206730769.2308	420673076.9231	23445512820.5128	841346153.8462	210336538.4615	-21931089743.5897	2103365384.6154	-210336538.4615	-5861378205.1282	-420673076.9231	-420673076.9231	5104166666.6667	420673076.9231	-42067307.6923	-11133814102.5641	-2103365384.6154	-84134615.3846	11386217948.7179	
  0.0000	  0.0000	  0.0000	  0.0000	  0.0000	  0.0000	-39318910256.4103	420673076.9231	-4206730769.2308	39150641025.6410	2103365384.6154	-841346153.8462	  0.0000	  0.0000	  0.0000	  0.0000	  0.0000	  0.0000	-78301282051.2820	841346153.8462	841346153.8462	78974358974.3590	4206730769.2308	4206730769.2308	19407051282.0513	-420673076.9231	-420673076.9231	-19743589743.5897	-2103365384.6154	-2103365384.6154	39150641025.6410	-841346153.8462	2103365384.6154	-39318910256.4103	-4206730769.2308	420673076.9231	
  0.0000	  0.0000	  0.0000	  0.0000	  0.0000	  0.0000	-420673076.9231	-11133814102.5641	-42067307.6923	2103365384.6154	11386217948.7179	-84134615.3846	  0.0000	  0.0000	  0.0000	  0.0000	  0.0000	  0.0000	-841346153.8462	-21931089743.5897	210336538.4615	4206730769.2308	23445512820.5128	420673076.9231	420673076.9231	5104166666.6667	-420673076.9231	-2103365384.6154	-5861378205.1282	-210336538.4615	841346153.8462	10544871794.8718	84134615.3846	-4206730769.2308	-11554487179.4872	42067307.6923	
  0.0000	  0.0000	  0.0000	  0.0000	  0.0000	  0.0000	-4206730769.2308	42067307.6923	-11554487179.4872	841346153.8462	84134615.3846	10544871794.8718	  0.0000	  0.0000	  0.0000	  0.0000	  0.0000	  0.0000	-841346153.8462	210336538.4615	-21931089743.5897	4206730769.2308	420673076.9231	23445512820.5128	420673076.9231	-420673076.9231	5104166666.6667	-2103365384.6154	-210336538.4615	-5861378205.1282	2103365384.6154	-84134615.3846	11386217948.7179	-420673076.9231	-42067307.6923	-11133814102.5641	
-39318910256.4103	-4206730769.2308	-420673076.9231	39150641025.6410	-841346153.8462	-2103365384.6154	-39318910256.4103	4206730769.2308	-420673076.9231	39150641025.6410	841346153.8462	-2103365384.6154	-19743589743.5897	-2103365384.6154	2103365384.6154	19407051282.0513	-420673076.9231	420673076.9231	-19743589743.5897	2103365384.6154	2103365384.6154	19407051282.0513	420673076.9231	420673076.9231	157948717948.7179	  0.0000	-8413461538.4615	-156602564102.5641	  0.0000	-1682692307.6923	78301282051.2820	  0.0000	1682692307.6923	-78637820512.8205	  0.0000	8413461538.4615	
-4206730769.2308	-11554487179.4872	-42067307.6923	841346153.8462	10544871794.8718	-84134615.3846	4206730769.2308	-11554487179.4872	42067307.6923	-841346153.8462	10544871794.8718	84134615.3846	-2103365384.6154	-5861378205.1282	210336538.4615	420673076.9231	5104166666.6667	420673076.9231	2103365384.6154	-5861378205.1282	-210336538.4615	-420673076.9231	5104166666.6667	-420673076.9231	  0.0000	46891025641.0256	  0.0000	  0.0000	-43862179487.1795	  0.0000	  0.0000	22772435897.4359	  0.0000	  0.0000	-22267628205.1282	  0.0000	
420673076.9231	42067307.6923	-11133814102.5641	-2103365384.6154	84134615.3846	11386217948.7179	420673076.9231	-42067307.6923	-11133814102.5641	-2103365384.6154	-84134615.3846	11386217948.7179	2103365384.6154	210336538.4615	-5861378205.1282	-420673076.9231	420673076.9231	5104166666.6667	2103365384.6154	-210336538.4615	-5861378205.1282	-420673076.9231	-420673076.9231	5104166666.6667	-8413461538.4615	  0.0000	46891025641.0256	1682692307.6923	  0.0000	-43862179487.1795	-1682692307.6923	  0.0000	21089743589.7436	8413461538.4615	  0.0000	-23108974358.9744	
39150641025.6410	841346153.8462	2103365384.6154	-39318910256.4103	4206730769.2308	420673076.9231	39150641025.6410	-841346153.8462	2103365384.6154	-39318910256.4103	-4206730769.2308	420673076.9231	19407051282.0513	420673076.9231	-420673076.9231	-19743589743.5897	2103365384.6154	-2103365384.6154	19407051282.0513	-420673076.9231	-420673076.9231	-19743589743.5897	-2103365384.6154	-2103365384.6154	-156602564102.5641	  0.0000	1682692307.6923	157948717948.7179	  0.0000	8413461538.4615	-78637820512.8205	  0.0000	-8413461538.4615	78301282051.2820	  0.0000	-1682692307.6923	
-841346153.8462	10544871794.8718	-84134615.3846	4206730769.2308	-11554487179.4872	-42067307.6923	841346153.8462	10544871794.8718	84134615.3846	-4206730769.2308	-11554487179.4872	42067307.6923	-420673076.9231	5104166666.6667	420673076.9231	2103365384.6154	-5861378205.1282	210336538.4615	420673076.9231	5104166666.6667	-420673076.9231	-2103365384.6154	-5861378205.1282	-210336538.4615	  0.0000	-43862179487.1795	  0.0000	  0.0000	46891025641.0256	  0.0000	  0.0000	-22267628205.1282	  0.0000	  0.0000	22772435897.4359	  0.0000	
2103365384.6154	84134615.3846	11386217948.7179	-420673076.9231	42067307.6923	-11133814102.5641	2103365384.6154	-84134615.3846	11386217948.7179	-420673076.9231	-42067307.6923	-11133814102.5641	420673076.9231	420673076.9231	5104166666.6667	-2103365384.6154	210336538.4615	-5861378205.1282	420673076.9231	-420673076.9231	5104166666.6667	-2103365384.6154	-210336538.4615	-5861378205.1282	-1682692307.6923	  0.0000	-43862179487.1795	8413461538.4615	  0.0000	46891025641.0256	-8413461538.4615	  0.0000	-23108974358.9744	1682692307.6923	  0.0000	21089743589.7436	
-19743589743.5897	-2103365384.6154	-2103365384.6154	19407051282.0513	-420673076.9231	-420673076.9231	-19743589743.5897	2103365384.6154	-2103365384.6154	19407051282.0513	420673076.9231	-420673076.9231	-39318910256.4103	-4206730769.2308	420673076.9231	39150641025.6410	-841346153.8462	2103365384.6154	-39318910256.4103	4206730769.2308	420673076.9231	39150641025.6410	841346153.8462	2103365384.6154	78301282051.2820	  0.0000	-1682692307.6923	-78637820512.8205	  0.0000	-8413461538.4615	157948717948.7179	  0.0000	8413461538.4615	-156602564102.5641	  0.0000	1682692307.6923	
-2103365384.6154	-5861378205.1282	-210336538.4615	420673076.9231	5104166666.6667	-420673076.9231	2103365384.6154	-5861378205.1282	210336538.4615	-420673076.9231	5104166666.6667	420673076.9231	-4206730769.2308	-11554487179.4872	42067307.6923	841346153.8462	10544871794.8718	84134615.3846	4206730769.2308	-11554487179.4872	-42067307.6923	-841346153.8462	10544871794.8718	-84134615.3846	  0.0000	22772435897.4359	  0.0000	  0.0000	-22267628205.1282	  0.0000	  0.0000	46891025641.0256	  0.0000	  0.0000	-43862179487.1795	  0.0000	
-2103365384.6154	-210336538.4615	-5861378205.1282	420673076.9231	-420673076.9231	5104166666.6667	-2103365384.6154	210336538.4615	-5861378205.1282	420673076.9231	420673076.9231	5104166666.6667	-420673076.9231	-42067307.6923	-11133814102.5641	2103365384.6154	-84134615.3846	11386217948.7179	-420673076.9231	42067307.6923	-11133814102.5641	2103365384.6154	84134615.3846	11386217948.7179	1682692307.6923	  0.0000	21089743589.7436	-8413461538.4615	  0.0000	-23108974358.9744	8413461538.4615	  0.0000	46891025641.0256	-1682692307.6923	  0.0000	-43862179487.1795	
19407051282.0513	420673076.9231	420673076.9231	-19743589743.5897	2103365384.6154	2103365384.6154	19407051282.0513	-420673076.9231	420673076.9231	-19743589743.5897	-2103365384.6154	2103365384.6154	39150641025.6410	841346153.8462	-2103365384.6154	-39318910256.4103	4206730769.2308	-420673076.9231	39150641025.6410	-841346153.8462	-2103365384.6154	-39318910256.4103	-4206730769.2308	-420673076.9231	-78637820512.8205	  0.0000	8413461538.4615	78301282051.2820	  0.0000	1682692307.6923	-156602564102.5641	  0.0000	-1682692307.6923	157948717948.7179	  0.0000	-8413461538.4615	
-420673076.9231	5104166666.6667	-420673076.9231	2103365384.6154	-5861378205.1282	-210336538.4615	420673076.9231	5104166666.6667	420673076.9231	-2103365384.6154	-5861378205.1282	210336538.4615	-841346153.8462	10544871794.8718	84134615.3846	4206730769.2308	-11554487179.4872	42067307.6923	841346153.8462	10544871794.8718	-84134615.3846	-4206730769.2308	-11554487179.4872	-42067307.6923	  0.0000	-22267628205.1282	  0.0000	  0.0000	22772435897.4359	  0.0000	  0.0000	-43862179487.1795	  0.0000	  0.0000	46891025641.0256	  0.0000	
-420673076.9231	-420673076.9231	5104166666.6667	2103365384.6154	-210336538.4615	-5861378205.1282	-420673076.9231	420673076.9231	5104166666.6667	2103365384.6154	210336538.4615	-5861378205.1282	-2103365384.6154	-84134615.3846	11386217948.7179	420673076.9231	-42067307.6923	-11133814102.5641	-2103365384.6154	84134615.3846	11386217948.7179	420673076.9231	42067307.6923	-11133814102.5641	8413461538.4615	  0.0000	-23108974358.9744	-1682692307.6923	  0.0000	21089743589.7436	1682692307.6923	  0.0000	-43862179487.1795	-8413461538.4615	  0.0000	46891025641.0256	


K_cc= 

78974358974.3590	-4206730769.2308	4206730769.2308	-78301282051.2820	-841346153.8462	841346153.8462	39150641025.6410	-2103365384.6154	-841346153.8462	-39318910256.4103	-420673076.9231	-4206730769.2308	-39318910256.4103	4206730769.2308	420673076.9231	39150641025.6410	841346153.8462	2103365384.6154	-19743589743.5897	2103365384.6154	-2103365384.6154	19407051282.0513	420673076.9231	-420673076.9231	
-4206730769.2308	23445512820.5128	-420673076.9231	841346153.8462	-21931089743.5897	-210336538.4615	-2103365384.6154	11386217948.7179	84134615.3846	420673076.9231	-11133814102.5641	42067307.6923	4206730769.2308	-11554487179.4872	-42067307.6923	-841346153.8462	10544871794.8718	-84134615.3846	2103365384.6154	-5861378205.1282	210336538.4615	-420673076.9231	5104166666.6667	420673076.9231	
4206730769.2308	-420673076.9231	23445512820.5128	-841346153.8462	-210336538.4615	-21931089743.5897	841346153.8462	-84134615.3846	10544871794.8718	-4206730769.2308	-42067307.6923	-11554487179.4872	-420673076.9231	42067307.6923	-11133814102.5641	2103365384.6154	84134615.3846	11386217948.7179	-2103365384.6154	210336538.4615	-5861378205.1282	420673076.9231	420673076.9231	5104166666.6667	
-78301282051.2820	841346153.8462	-841346153.8462	78974358974.3590	4206730769.2308	-4206730769.2308	-39318910256.4103	420673076.9231	4206730769.2308	39150641025.6410	2103365384.6154	841346153.8462	39150641025.6410	-841346153.8462	-2103365384.6154	-39318910256.4103	-4206730769.2308	-420673076.9231	19407051282.0513	-420673076.9231	420673076.9231	-19743589743.5897	-2103365384.6154	2103365384.6154	
-841346153.8462	-21931089743.5897	-210336538.4615	4206730769.2308	23445512820.5128	-420673076.9231	-420673076.9231	-11133814102.5641	42067307.6923	2103365384.6154	11386217948.7179	84134615.3846	841346153.8462	10544871794.8718	-84134615.3846	-4206730769.2308	-11554487179.4872	-42067307.6923	420673076.9231	5104166666.6667	420673076.9231	-2103365384.6154	-5861378205.1282	210336538.4615	
841346153.8462	-210336538.4615	-21931089743.5897	-4206730769.2308	-420673076.9231	23445512820.5128	4206730769.2308	-42067307.6923	-11554487179.4872	-841346153.8462	-84134615.3846	10544871794.8718	-2103365384.6154	84134615.3846	11386217948.7179	420673076.9231	42067307.6923	-11133814102.5641	-420673076.9231	420673076.9231	5104166666.6667	2103365384.6154	210336538.4615	-5861378205.1282	
