element stiffness matrices:

1947115384.6154	-937500000.0000	-1009615384.6154	865384615.3846	-937500000.0000	72115384.6154	
-937500000.0000	1947115384.6154	1009615384.6154	-2884615384.6154	-72115384.6154	937500000.0000	
-1009615384.6154	1009615384.6154	2019230769.2308	  0.0000	-1009615384.6154	-1009615384.6154	
865384615.3846	-2884615384.6154	  0.0000	5769230769.2308	-865384615.3846	-2884615384.6154	
-937500000.0000	-72115384.6154	-1009615384.6154	-865384615.3846	1947115384.6154	937500000.0000	
72115384.6154	937500000.0000	-1009615384.6154	-2884615384.6154	937500000.0000	1947115384.6154	

1947115384.6154	-937500000.0000	937500000.0000	-72115384.6154	-2884615384.6154	1009615384.6154	
-937500000.0000	1947115384.6154	72115384.6154	-937500000.0000	865384615.3846	-1009615384.6154	
937500000.0000	72115384.6154	1947115384.6154	937500000.0000	-2884615384.6154	-1009615384.6154	
-72115384.6154	-937500000.0000	937500000.0000	1947115384.6154	-865384615.3846	-1009615384.6154	
-2884615384.6154	865384615.3846	-2884615384.6154	-865384615.3846	5769230769.2308	  0.0000	
1009615384.6154	-1009615384.6154	-1009615384.6154	-1009615384.6154	  0.0000	2019230769.2308	

1947115384.6154	937500000.0000	-2884615384.6154	-1009615384.6154	937500000.0000	72115384.6154	
937500000.0000	1947115384.6154	-865384615.3846	-1009615384.6154	-72115384.6154	-937500000.0000	
-2884615384.6154	-865384615.3846	5769230769.2308	  0.0000	-2884615384.6154	865384615.3846	
-1009615384.6154	-1009615384.6154	  0.0000	2019230769.2308	1009615384.6154	-1009615384.6154	
937500000.0000	-72115384.6154	-2884615384.6154	1009615384.6154	1947115384.6154	-937500000.0000	
72115384.6154	-937500000.0000	865384615.3846	-1009615384.6154	-937500000.0000	1947115384.6154	

2019230769.2308	  0.0000	-1009615384.6154	-1009615384.6154	-1009615384.6154	1009615384.6154	
  0.0000	5769230769.2308	-865384615.3846	-2884615384.6154	865384615.3846	-2884615384.6154	
-1009615384.6154	-865384615.3846	1947115384.6154	937500000.0000	-937500000.0000	-72115384.6154	
-1009615384.6154	-2884615384.6154	937500000.0000	1947115384.6154	72115384.6154	937500000.0000	
-1009615384.6154	865384615.3846	-937500000.0000	72115384.6154	1947115384.6154	-937500000.0000	
1009615384.6154	-2884615384.6154	-72115384.6154	937500000.0000	-937500000.0000	1947115384.6154	

1947115384.6154	-937500000.0000	-1009615384.6154	865384615.3846	-937500000.0000	72115384.6154	
-937500000.0000	1947115384.6154	1009615384.6154	-2884615384.6154	-72115384.6154	937500000.0000	
-1009615384.6154	1009615384.6154	2019230769.2308	  0.0000	-1009615384.6154	-1009615384.6154	
865384615.3846	-2884615384.6154	  0.0000	5769230769.2308	-865384615.3846	-2884615384.6154	
-937500000.0000	-72115384.6154	-1009615384.6154	-865384615.3846	1947115384.6154	937500000.0000	
72115384.6154	937500000.0000	-1009615384.6154	-2884615384.6154	937500000.0000	1947115384.6154	

1947115384.6154	-937500000.0000	937500000.0000	-72115384.6154	-2884615384.6154	1009615384.6154	
-937500000.0000	1947115384.6154	72115384.6154	-937500000.0000	865384615.3846	-1009615384.6154	
937500000.0000	72115384.6154	1947115384.6154	937500000.0000	-2884615384.6154	-1009615384.6154	
-72115384.6154	-937500000.0000	937500000.0000	1947115384.6154	-865384615.3846	-1009615384.6154	
-2884615384.6154	865384615.3846	-2884615384.6154	-865384615.3846	5769230769.2308	  0.0000	
1009615384.6154	-1009615384.6154	-1009615384.6154	-1009615384.6154	  0.0000	2019230769.2308	

1947115384.6154	937500000.0000	-2884615384.6154	-1009615384.6154	937500000.0000	72115384.6154	
937500000.0000	1947115384.6154	-865384615.3846	-1009615384.6154	-72115384.6154	-937500000.0000	
-2884615384.6154	-865384615.3846	5769230769.2308	  0.0000	-2884615384.6154	865384615.3846	
-1009615384.6154	-1009615384.6154	  0.0000	2019230769.2308	1009615384.6154	-1009615384.6154	
937500000.0000	-72115384.6154	-2884615384.6154	1009615384.6154	1947115384.6154	-937500000.0000	
72115384.6154	-937500000.0000	865384615.3846	-1009615384.6154	-937500000.0000	1947115384.6154	

2019230769.2308	  0.0000	-1009615384.6154	-1009615384.6154	-1009615384.6154	1009615384.6154	
  0.0000	5769230769.2308	-865384615.3846	-2884615384.6154	865384615.3846	-2884615384.6154	
-1009615384.6154	-865384615.3846	1947115384.6154	937500000.0000	-937500000.0000	-72115384.6154	
-1009615384.6154	-2884615384.6154	937500000.0000	1947115384.6154	72115384.6154	937500000.0000	
-1009615384.6154	865384615.3846	-937500000.0000	72115384.6154	1947115384.6154	-937500000.0000	
1009615384.6154	-2884615384.6154	-72115384.6154	937500000.0000	-937500000.0000	1947115384.6154	

1947115384.6154	-937500000.0000	-1009615384.6154	865384615.3846	-937500000.0000	72115384.6154	
-937500000.0000	1947115384.6154	1009615384.6154	-2884615384.6154	-72115384.6154	937500000.0000	
-1009615384.6154	1009615384.6154	2019230769.2308	  0.0000	-1009615384.6154	-1009615384.6154	
865384615.3846	-2884615384.6154	  0.0000	5769230769.2308	-865384615.3846	-2884615384.6154	
-937500000.0000	-72115384.6154	-1009615384.6154	-865384615.3846	1947115384.6154	937500000.0000	
72115384.6154	937500000.0000	-1009615384.6154	-2884615384.6154	937500000.0000	1947115384.6154	

1947115384.6154	-937500000.0000	937500000.0000	-72115384.6154	-2884615384.6154	1009615384.6154	
-937500000.0000	1947115384.6154	72115384.6154	-937500000.0000	865384615.3846	-1009615384.6154	
937500000.0000	72115384.6154	1947115384.6154	937500000.0000	-2884615384.6154	-1009615384.6154	
-72115384.6154	-937500000.0000	937500000.0000	1947115384.6154	-865384615.3846	-1009615384.6154	
-2884615384.6154	865384615.3846	-2884615384.6154	-865384615.3846	5769230769.2308	  0.0000	
1009615384.6154	-1009615384.6154	-1009615384.6154	-1009615384.6154	  0.0000	2019230769.2308	

5769230769.2308	  0.0000	-2884615384.6154	865384615.3846	-2884615384.6154	-865384615.3846	
  0.0000	2019230769.2308	1009615384.6154	-1009615384.6154	-1009615384.6154	-1009615384.6154	
-2884615384.6154	1009615384.6154	1947115384.6154	-937500000.0000	937500000.0000	-72115384.6154	
865384615.3846	-1009615384.6154	-937500000.0000	1947115384.6154	72115384.6154	-937500000.0000	
-2884615384.6154	-1009615384.6154	937500000.0000	72115384.6154	1947115384.6154	937500000.0000	
-865384615.3846	-1009615384.6154	-72115384.6154	-937500000.0000	937500000.0000	1947115384.6154	

2019230769.2308	  0.0000	-1009615384.6154	-1009615384.6154	-1009615384.6154	1009615384.6154	
  0.0000	5769230769.2308	-865384615.3846	-2884615384.6154	865384615.3846	-2884615384.6154	
-1009615384.6154	-865384615.3846	1947115384.6154	937500000.0000	-937500000.0000	-72115384.6154	
-1009615384.6154	-2884615384.6154	937500000.0000	1947115384.6154	72115384.6154	937500000.0000	
-1009615384.6154	865384615.3846	-937500000.0000	72115384.6154	1947115384.6154	-937500000.0000	
1009615384.6154	-2884615384.6154	-72115384.6154	937500000.0000	-937500000.0000	1947115384.6154	


global stiffness matrix:

3894230769.2308	-1875000000.0000	-937500000.0000	72115384.6154	-3894230769.2308	1875000000.0000	937500000.0000	-72115384.6154	  0.0000	  0.0000	  0.0000	  0.0000	  0.0000	  0.0000	  0.0000	  0.0000	  0.0000	  0.0000	  0.0000	  0.0000	  0.0000	  0.0000	
-1875000000.0000	3894230769.2308	-72115384.6154	937500000.0000	1875000000.0000	-3894230769.2308	72115384.6154	-937500000.0000	  0.0000	  0.0000	  0.0000	  0.0000	  0.0000	  0.0000	  0.0000	  0.0000	  0.0000	  0.0000	  0.0000	  0.0000	  0.0000	  0.0000	
-937500000.0000	-72115384.6154	3894230769.2308	1875000000.0000	-3894230769.2308	-1875000000.0000	  0.0000	  0.0000	937500000.0000	72115384.6154	  0.0000	  0.0000	  0.0000	  0.0000	  0.0000	  0.0000	  0.0000	  0.0000	  0.0000	  0.0000	  0.0000	  0.0000	
72115384.6154	937500000.0000	1875000000.0000	3894230769.2308	-1875000000.0000	-3894230769.2308	  0.0000	  0.0000	-72115384.6154	-937500000.0000	  0.0000	  0.0000	  0.0000	  0.0000	  0.0000	  0.0000	  0.0000	  0.0000	  0.0000	  0.0000	  0.0000	  0.0000	
-3894230769.2308	1875000000.0000	-3894230769.2308	-1875000000.0000	15576923076.9231	  0.0000	-3894230769.2308	-1875000000.0000	-3894230769.2308	1875000000.0000	  0.0000	  0.0000	  0.0000	  0.0000	  0.0000	  0.0000	  0.0000	  0.0000	  0.0000	  0.0000	  0.0000	  0.0000	
1875000000.0000	-3894230769.2308	-1875000000.0000	-3894230769.2308	  0.0000	15576923076.9231	-1875000000.0000	-3894230769.2308	1875000000.0000	-3894230769.2308	  0.0000	  0.0000	  0.0000	  0.0000	  0.0000	  0.0000	  0.0000	  0.0000	  0.0000	  0.0000	  0.0000	  0.0000	
937500000.0000	72115384.6154	  0.0000	  0.0000	-3894230769.2308	-1875000000.0000	7788461538.4615	  0.0000	-1875000000.0000	  0.0000	-3894230769.2308	1875000000.0000	937500000.0000	-72115384.6154	  0.0000	  0.0000	  0.0000	  0.0000	  0.0000	  0.0000	  0.0000	  0.0000	
-72115384.6154	-937500000.0000	  0.0000	  0.0000	-1875000000.0000	-3894230769.2308	  0.0000	7788461538.4615	  0.0000	1875000000.0000	1875000000.0000	-3894230769.2308	72115384.6154	-937500000.0000	  0.0000	  0.0000	  0.0000	  0.0000	  0.0000	  0.0000	  0.0000	  0.0000	
  0.0000	  0.0000	937500000.0000	-72115384.6154	-3894230769.2308	1875000000.0000	-1875000000.0000	  0.0000	11682692307.6923	-1875000000.0000	-3894230769.2308	-1875000000.0000	  0.0000	  0.0000	1875000000.0000	  0.0000	-3894230769.2308	1875000000.0000	-937500000.0000	72115384.6154	  0.0000	  0.0000	
  0.0000	  0.0000	72115384.6154	-937500000.0000	1875000000.0000	-3894230769.2308	  0.0000	1875000000.0000	-1875000000.0000	11682692307.6923	-1875000000.0000	-3894230769.2308	  0.0000	  0.0000	  0.0000	-1875000000.0000	1875000000.0000	-3894230769.2308	-72115384.6154	937500000.0000	  0.0000	  0.0000	
  0.0000	  0.0000	  0.0000	  0.0000	  0.0000	  0.0000	-3894230769.2308	1875000000.0000	-3894230769.2308	-1875000000.0000	15576923076.9231	  0.0000	-3894230769.2308	-1875000000.0000	-3894230769.2308	1875000000.0000	  0.0000	  0.0000	  0.0000	  0.0000	  0.0000	  0.0000	
  0.0000	  0.0000	  0.0000	  0.0000	  0.0000	  0.0000	1875000000.0000	-3894230769.2308	-1875000000.0000	-3894230769.2308	  0.0000	15576923076.9231	-1875000000.0000	-3894230769.2308	1875000000.0000	-3894230769.2308	  0.0000	  0.0000	  0.0000	  0.0000	  0.0000	  0.0000	
  0.0000	  0.0000	  0.0000	  0.0000	  0.0000	  0.0000	937500000.0000	72115384.6154	  0.0000	  0.0000	-3894230769.2308	-1875000000.0000	3894230769.2308	1875000000.0000	-937500000.0000	-72115384.6154	  0.0000	  0.0000	  0.0000	  0.0000	  0.0000	  0.0000	
  0.0000	  0.0000	  0.0000	  0.0000	  0.0000	  0.0000	-72115384.6154	-937500000.0000	  0.0000	  0.0000	-1875000000.0000	-3894230769.2308	1875000000.0000	3894230769.2308	72115384.6154	937500000.0000	  0.0000	  0.0000	  0.0000	  0.0000	  0.0000	  0.0000	
  0.0000	  0.0000	  0.0000	  0.0000	  0.0000	  0.0000	  0.0000	  0.0000	1875000000.0000	  0.0000	-3894230769.2308	1875000000.0000	-937500000.0000	72115384.6154	7788461538.4615	  0.0000	-3894230769.2308	-1875000000.0000	  0.0000	  0.0000	-937500000.0000	-72115384.6154	
  0.0000	  0.0000	  0.0000	  0.0000	  0.0000	  0.0000	  0.0000	  0.0000	  0.0000	-1875000000.0000	1875000000.0000	-3894230769.2308	-72115384.6154	937500000.0000	  0.0000	7788461538.4615	-1875000000.0000	-3894230769.2308	  0.0000	  0.0000	72115384.6154	937500000.0000	
  0.0000	  0.0000	  0.0000	  0.0000	  0.0000	  0.0000	  0.0000	  0.0000	-3894230769.2308	1875000000.0000	  0.0000	  0.0000	  0.0000	  0.0000	-3894230769.2308	-1875000000.0000	15576923076.9231	  0.0000	-3894230769.2308	-1875000000.0000	-3894230769.2308	1875000000.0000	
  0.0000	  0.0000	  0.0000	  0.0000	  0.0000	  0.0000	  0.0000	  0.0000	1875000000.0000	-3894230769.2308	  0.0000	  0.0000	  0.0000	  0.0000	-1875000000.0000	-3894230769.2308	  0.0000	15576923076.9231	-1875000000.0000	-3894230769.2308	1875000000.0000	-3894230769.2308	
  0.0000	  0.0000	  0.0000	  0.0000	  0.0000	  0.0000	  0.0000	  0.0000	-937500000.0000	-72115384.6154	  0.0000	  0.0000	  0.0000	  0.0000	  0.0000	  0.0000	-3894230769.2308	-1875000000.0000	3894230769.2308	1875000000.0000	937500000.0000	72115384.6154	
  0.0000	  0.0000	  0.0000	  0.0000	  0.0000	  0.0000	  0.0000	  0.0000	72115384.6154	937500000.0000	  0.0000	  0.0000	  0.0000	  0.0000	  0.0000	  0.0000	-1875000000.0000	-3894230769.2308	1875000000.0000	3894230769.2308	-72115384.6154	-937500000.0000	
  0.0000	  0.0000	  0.0000	  0.0000	  0.0000	  0.0000	  0.0000	  0.0000	  0.0000	  0.0000	  0.0000	  0.0000	  0.0000	  0.0000	-937500000.0000	72115384.6154	-3894230769.2308	1875000000.0000	937500000.0000	-72115384.6154	3894230769.2308	-1875000000.0000	
  0.0000	  0.0000	  0.0000	  0.0000	  0.0000	  0.0000	  0.0000	  0.0000	  0.0000	  0.0000	  0.0000	  0.0000	  0.0000	  0.0000	-72115384.6154	937500000.0000	1875000000.0000	-3894230769.2308	72115384.6154	-937500000.0000	-1875000000.0000	3894230769.2308	


K_cc= 

3894230769.2308	1875000000.0000	-3894230769.2308	-1875000000.0000	937500000.0000	72115384.6154	  0.0000	  0.0000	  0.0000	  0.0000	  0.0000	  0.0000	  0.0000	  0.0000	  0.0000	  0.0000	
1875000000.0000	3894230769.2308	-1875000000.0000	-3894230769.2308	-72115384.6154	-937500000.0000	  0.0000	  0.0000	  0.0000	  0.0000	  0.0000	  0.0000	  0.0000	  0.0000	  0.0000	  0.0000	
-3894230769.2308	-1875000000.0000	15576923076.9231	  0.0000	-3894230769.2308	1875000000.0000	  0.0000	  0.0000	  0.0000	  0.0000	  0.0000	  0.0000	  0.0000	  0.0000	  0.0000	  0.0000	
-1875000000.0000	-3894230769.2308	  0.0000	15576923076.9231	1875000000.0000	-3894230769.2308	  0.0000	  0.0000	  0.0000	  0.0000	  0.0000	  0.0000	  0.0000	  0.0000	  0.0000	  0.0000	
937500000.0000	-72115384.6154	-3894230769.2308	1875000000.0000	11682692307.6923	-1875000000.0000	-3894230769.2308	-1875000000.0000	1875000000.0000	  0.0000	-3894230769.2308	1875000000.0000	-937500000.0000	72115384.6154	  0.0000	  0.0000	
72115384.6154	-937500000.0000	1875000000.0000	-3894230769.2308	-1875000000.0000	11682692307.6923	-1875000000.0000	-3894230769.2308	  0.0000	-1875000000.0000	1875000000.0000	-3894230769.2308	-72115384.6154	937500000.0000	  0.0000	  0.0000	
  0.0000	  0.0000	  0.0000	  0.0000	-3894230769.2308	-1875000000.0000	15576923076.9231	  0.0000	-3894230769.2308	1875000000.0000	  0.0000	  0.0000	  0.0000	  0.0000	  0.0000	  0.0000	
  0.0000	  0.0000	  0.0000	  0.0000	-1875000000.0000	-3894230769.2308	  0.0000	15576923076.9231	1875000000.0000	-3894230769.2308	  0.0000	  0.0000	  0.0000	  0.0000	  0.0000	  0.0000	
  0.0000	  0.0000	  0.0000	  0.0000	1875000000.0000	  0.0000	-3894230769.2308	1875000000.0000	7788461538.4615	  0.0000	-3894230769.2308	-1875000000.0000	  0.0000	  0.0000	-937500000.0000	-72115384.6154	
  0.0000	  0.0000	  0.0000	  0.0000	  0.0000	-1875000000.0000	1875000000.0000	-3894230769.2308	  0.0000	7788461538.4615	-1875000000.0000	-3894230769.2308	  0.0000	  0.0000	72115384.6154	937500000.0000	
  0.0000	  0.0000	  0.0000	  0.0000	-3894230769.2308	1875000000.0000	  0.0000	  0.0000	-3894230769.2308	-1875000000.0000	15576923076.9231	  0.0000	-3894230769.2308	-1875000000.0000	-3894230769.2308	1875000000.0000	
  0.0000	  0.0000	  0.0000	  0.0000	1875000000.0000	-3894230769.2308	  0.0000	  0.0000	-1875000000.0000	-3894230769.2308	  0.0000	15576923076.9231	-1875000000.0000	-3894230769.2308	1875000000.0000	-3894230769.2308	
  0.0000	  0.0000	  0.0000	  0.0000	-937500000.0000	-72115384.6154	  0.0000	  0.0000	  0.0000	  0.0000	-3894230769.2308	-1875000000.0000	3894230769.2308	1875000000.0000	937500000.0000	72115384.6154	
  0.0000	  0.0000	  0.0000	  0.0000	72115384.6154	937500000.0000	  0.0000	  0.0000	  0.0000	  0.0000	-1875000000.0000	-3894230769.2308	1875000000.0000	3894230769.2308	-72115384.6154	-937500000.0000	
  0.0000	  0.0000	  0.0000	  0.0000	  0.0000	  0.0000	  0.0000	  0.0000	-937500000.0000	72115384.6154	-3894230769.2308	1875000000.0000	937500000.0000	-72115384.6154	3894230769.2308	-1875000000.0000	
  0.0000	  0.0000	  0.0000	  0.0000	  0.0000	  0.0000	  0.0000	  0.0000	-72115384.6154	937500000.0000	1875000000.0000	-3894230769.2308	72115384.6154	-937500000.0000	-1875000000.0000	3894230769.2308	


K_ca= 

-937500000.0000	-72115384.6154	  0.0000	  0.0000	  0.0000	  0.0000	
72115384.6154	937500000.0000	  0.0000	  0.0000	  0.0000	  0.0000	
-3894230769.2308	1875000000.0000	-3894230769.2308	-1875000000.0000	  0.0000	  0.0000	
1875000000.0000	-3894230769.2308	-1875000000.0000	-3894230769.2308	  0.0000	  0.0000	
  0.0000	  0.0000	-1875000000.0000	  0.0000	  0.0000	  0.0000	
  0.0000	  0.0000	  0.0000	1875000000.0000	  0.0000	  0.0000	
  0.0000	  0.0000	-3894230769.2308	1875000000.0000	-3894230769.2308	-1875000000.0000	
  0.0000	  0.0000	1875000000.0000	-3894230769.2308	-1875000000.0000	-3894230769.2308	
  0.0000	  0.0000	  0.0000	  0.0000	-937500000.0000	72115384.6154	
  0.0000	  0.0000	  0.0000	  0.0000	-72115384.6154	937500000.0000	
  0.0000	  0.0000	  0.0000	  0.0000	  0.0000	  0.0000	
  0.0000	  0.0000	  0.0000	  0.0000	  0.0000	  0.0000	
  0.0000	  0.0000	  0.0000	  0.0000	  0.0000	  0.0000	
  0.0000	  0.0000	  0.0000	  0.0000	  0.0000	  0.0000	
  0.0000	  0.0000	  0.0000	  0.0000	  0.0000	  0.0000	
  0.0000	  0.0000	  0.0000	  0.0000	  0.0000	  0.0000	


K_ac= 

-937500000.0000	72115384.6154	-3894230769.2308	1875000000.0000	  0.0000	  0.0000	  0.0000	  0.0000	  0.0000	  0.0000	  0.0000	  0.0000	  0.0000	  0.0000	  0.0000	  0.0000	
-72115384.6154	937500000.0000	1875000000.0000	-3894230769.2308	  0.0000	  0.0000	  0.0000	  0.0000	  0.0000	  0.0000	  0.0000	  0.0000	  0.0000	  0.0000	  0.0000	  0.0000	
  0.0000	  0.0000	-3894230769.2308	-1875000000.0000	-1875000000.0000	  0.0000	-3894230769.2308	1875000000.0000	  0.0000	  0.0000	  0.0000	  0.0000	  0.0000	  0.0000	  0.0000	  0.0000	
  0.0000	  0.0000	-1875000000.0000	-3894230769.2308	  0.0000	1875000000.0000	1875000000.0000	-3894230769.2308	  0.0000	  0.0000	  0.0000	  0.0000	  0.0000	  0.0000	  0.0000	  0.0000	
  0.0000	  0.0000	  0.0000	  0.0000	  0.0000	  0.0000	-3894230769.2308	-1875000000.0000	-937500000.0000	-72115384.6154	  0.0000	  0.0000	  0.0000	  0.0000	  0.0000	  0.0000	
  0.0000	  0.0000	  0.0000	  0.0000	  0.0000	  0.0000	-1875000000.0000	-3894230769.2308	72115384.6154	937500000.0000	  0.0000	  0.0000	  0.0000	  0.0000	  0.0000	  0.0000	


K_aa= 

3894230769.2308	-1875000000.0000	937500000.0000	-72115384.6154	  0.0000	  0.0000	
-1875000000.0000	3894230769.2308	72115384.6154	-937500000.0000	  0.0000	  0.0000	
937500000.0000	72115384.6154	7788461538.4615	  0.0000	937500000.0000	-72115384.6154	
-72115384.6154	-937500000.0000	  0.0000	7788461538.4615	72115384.6154	-937500000.0000	
  0.0000	  0.0000	937500000.0000	72115384.6154	3894230769.2308	1875000000.0000	
  0.0000	  0.0000	-72115384.6154	-937500000.0000	1875000000.0000	3894230769.2308	


U_a= 

  0.0000	 -0.0000	  0.0000	 -0.0000	  0.0000	 -0.0000	 -0.0000	 -0.0000	 -0.0000	 -0.0000	 -0.0000	 -0.0000	  0.0000	 -0.0000	 -0.0000	 -0.0000	

F_c= 

-6093.9087	4359.1383	-312.1826	3918.0721	6406.0913	4222.7896	

U= 

  0.0000	  0.0000	  0.0000	 -0.0000	  0.0000	 -0.0000	  0.0000	  0.0000	  0.0000	 -0.0000	 -0.0000	 -0.0000	  0.0000	  0.0000	 -0.0000	 -0.0000	 -0.0000	 -0.0000	  0.0000	 -0.0000	 -0.0000	 -0.0000	

F= 

-6093.9087	4359.1383	  0.0000	  0.0000	  0.0000	  0.0000	-312.1826	3918.0721	  0.0000	-12500.0000	  0.0000	  0.0000	6406.0913	4222.7896	  0.0000	  0.0000	  0.0000	  0.0000	  0.0000	  0.0000	  0.0000	  0.0000	

sigma= 

1153058.3042		798275.7521		603981.4625		249198.9104		-166782.7084		-754893.9353		-647363.2793		-1235474.5062		 -0.0000		68499.5649		-68499.5649		  0.0000		
601598.2474		239482.7256		1155441.5194		793325.9976		-593279.3982		-226468.1806		-733398.4163		-366587.1987		-195713.0426		-518639.5630		127213.4777		-195713.0426		
-877878.2485		-1070889.2684		-879161.5182		-1072172.5381		-1078739.9347		-1138320.7064		-911628.5069		-971209.2786		68499.5649		  0.0000		  0.0000		-68499.5649		


principal_stress= 

1797489.8202		1625615.9903		1801097.4164		1627414.5788		719584.6538		677900.3364		222262.0428		262918.7475		21592.5857		68499.5649		127213.4777		21592.5857		
-42833.2686		-587857.5125		-41674.4346		-584889.6708		-1479646.7604		-1659262.4523		-1603023.7384		-1864980.4524		-217305.6283		-518639.5630		-68499.5649		-217305.6283		


principal_direction= 

-36.2816		-37.6887		-53.7065		-52.1191		-39.4089		-51.5337		-43.6492		-57.0500		 17.4960		  0.0000		 90.0000		-17.4960		
