element stiffness matrices:

182560696.6519	266583006.2564	-7258038.7214	-182560696.6519	-266583006.2564	-7258038.7214	
266583006.2564	404713201.8655	4838692.4809	-266583006.2564	-404713201.8655	4838692.4809	
-7258038.7214	4838692.4809	20967667.4173	7258038.7214	-4838692.4809	10483833.7087	
-182560696.6519	-266583006.2564	7258038.7214	182560696.6519	266583006.2564	7258038.7214	
-266583006.2564	-404713201.8655	-4838692.4809	266583006.2564	404713201.8655	-4838692.4809	
-7258038.7214	4838692.4809	10483833.7087	7258038.7214	-4838692.4809	20967667.4173	

420000000.0000	  0.0000	  0.0000	-420000000.0000	  0.0000	  0.0000	
  0.0000	1814400.0000	4536000.0000	  0.0000	-1814400.0000	4536000.0000	
  0.0000	4536000.0000	15120000.0000	  0.0000	-4536000.0000	7560000.0000	
-420000000.0000	  0.0000	  0.0000	420000000.0000	  0.0000	  0.0000	
  0.0000	-1814400.0000	-4536000.0000	  0.0000	1814400.0000	-4536000.0000	
  0.0000	4536000.0000	7560000.0000	  0.0000	-4536000.0000	15120000.0000	

182560696.6519	-266583006.2564	7258038.7214	-182560696.6519	266583006.2564	7258038.7214	
-266583006.2564	404713201.8655	4838692.4809	266583006.2564	-404713201.8655	4838692.4809	
7258038.7214	4838692.4809	20967667.4173	-7258038.7214	-4838692.4809	10483833.7087	
-182560696.6519	266583006.2564	-7258038.7214	182560696.6519	-266583006.2564	-7258038.7214	
266583006.2564	-404713201.8655	-4838692.4809	-266583006.2564	404713201.8655	-4838692.4809	
7258038.7214	4838692.4809	10483833.7087	-7258038.7214	-4838692.4809	20967667.4173	


global stiffness matrix:

182560696.6519	266583006.2564	-7258038.7214	-182560696.6519	-266583006.2564	-7258038.7214	  0.0000	  0.0000	  0.0000	  0.0000	  0.0000	  0.0000	
266583006.2564	404713201.8655	4838692.4809	-266583006.2564	-404713201.8655	4838692.4809	  0.0000	  0.0000	  0.0000	  0.0000	  0.0000	  0.0000	
-7258038.7214	4838692.4809	20967667.4173	7258038.7214	-4838692.4809	10483833.7087	  0.0000	  0.0000	  0.0000	  0.0000	  0.0000	  0.0000	
-182560696.6519	-266583006.2564	7258038.7214	602560696.6519	266583006.2564	7258038.7214	-420000000.0000	  0.0000	  0.0000	  0.0000	  0.0000	  0.0000	
-266583006.2564	-404713201.8655	-4838692.4809	266583006.2564	406527601.8655	-302692.4809	  0.0000	-1814400.0000	4536000.0000	  0.0000	  0.0000	  0.0000	
-7258038.7214	4838692.4809	10483833.7087	7258038.7214	-302692.4809	36087667.4173	  0.0000	-4536000.0000	7560000.0000	  0.0000	  0.0000	  0.0000	
  0.0000	  0.0000	  0.0000	-420000000.0000	  0.0000	  0.0000	602560696.6519	-266583006.2564	7258038.7214	-182560696.6519	266583006.2564	7258038.7214	
  0.0000	  0.0000	  0.0000	  0.0000	-1814400.0000	-4536000.0000	-266583006.2564	406527601.8655	302692.4809	266583006.2564	-404713201.8655	4838692.4809	
  0.0000	  0.0000	  0.0000	  0.0000	4536000.0000	7560000.0000	7258038.7214	302692.4809	36087667.4173	-7258038.7214	-4838692.4809	10483833.7087	
  0.0000	  0.0000	  0.0000	  0.0000	  0.0000	  0.0000	-182560696.6519	266583006.2564	-7258038.7214	182560696.6519	-266583006.2564	-7258038.7214	
  0.0000	  0.0000	  0.0000	  0.0000	  0.0000	  0.0000	266583006.2564	-404713201.8655	-4838692.4809	-266583006.2564	404713201.8655	-4838692.4809	
  0.0000	  0.0000	  0.0000	  0.0000	  0.0000	  0.0000	7258038.7214	4838692.4809	10483833.7087	-7258038.7214	-4838692.4809	20967667.4173	


K_cc= 

602560696.6519	266583006.2564	7258038.7214	-420000000.0000	  0.0000	  0.0000	
266583006.2564	406527601.8655	-302692.4809	  0.0000	-1814400.0000	4536000.0000	
7258038.7214	-302692.4809	36087667.4173	  0.0000	-4536000.0000	7560000.0000	
-420000000.0000	  0.0000	  0.0000	602560696.6519	-266583006.2564	7258038.7214	
  0.0000	-1814400.0000	-4536000.0000	-266583006.2564	406527601.8655	302692.4809	
  0.0000	4536000.0000	7560000.0000	7258038.7214	302692.4809	36087667.4173	


K_ca= 

-182560696.6519	-266583006.2564	7258038.7214	  0.0000	  0.0000	  0.0000	
-266583006.2564	-404713201.8655	-4838692.4809	  0.0000	  0.0000	  0.0000	
-7258038.7214	4838692.4809	10483833.7087	  0.0000	  0.0000	  0.0000	
  0.0000	  0.0000	  0.0000	-182560696.6519	266583006.2564	7258038.7214	
  0.0000	  0.0000	  0.0000	266583006.2564	-404713201.8655	4838692.4809	
  0.0000	  0.0000	  0.0000	-7258038.7214	-4838692.4809	10483833.7087	


K_ac= 

-182560696.6519	-266583006.2564	-7258038.7214	  0.0000	  0.0000	  0.0000	
-266583006.2564	-404713201.8655	4838692.4809	  0.0000	  0.0000	  0.0000	
7258038.7214	-4838692.4809	10483833.7087	  0.0000	  0.0000	  0.0000	
  0.0000	  0.0000	  0.0000	-182560696.6519	266583006.2564	-7258038.7214	
  0.0000	  0.0000	  0.0000	266583006.2564	-404713201.8655	-4838692.4809	
  0.0000	  0.0000	  0.0000	7258038.7214	4838692.4809	10483833.7087	


K_aa= 

182560696.6519	266583006.2564	-7258038.7214	  0.0000	  0.0000	  0.0000	
266583006.2564	404713201.8655	4838692.4809	  0.0000	  0.0000	  0.0000	
-7258038.7214	4838692.4809	20967667.4173	  0.0000	  0.0000	  0.0000	
  0.0000	  0.0000	  0.0000	182560696.6519	-266583006.2564	-7258038.7214	
  0.0000	  0.0000	  0.0000	-266583006.2564	404713201.8655	-4838692.4809	
  0.0000	  0.0000	  0.0000	-7258038.7214	-4838692.4809	20967667.4173	


U_a= 

  0.0013	 -0.0009	 -0.0005	  0.0012	  0.0008	  0.0003	

F_c= 

2028.1799	8405.7953	8029.6962	-22028.1799	16594.2047	15122.4613	

U= 

  0.0000	  0.0000	  0.0000	  0.0013	 -0.0009	 -0.0005	  0.0012	  0.0008	  0.0003	  0.0000	  0.0000	  0.0000	

F= 

2028.1799	8405.7953	8029.6962	20000.0000	-12500.0000	-10416.6667	  0.0000	-12500.0000	10416.6667	-22028.1799	16594.2047	15122.4613	

f_nodal= 

8119.0762		22028.1799		26026.2486		
2975.1486		8405.7953		9123.7449		
8029.6962		-2697.3547		17773.6689		
-8119.0762		-22028.1799		-26026.2486		
-2975.1486		16594.2047		-9123.7449		
2697.3547		-17773.6689		15122.4613		
