element stiffness matrices:

2596153846.1538	937500000.0000	-1586538461.5385	-72115384.6154	-1298076923.0769	-937500000.0000	288461538.4615	72115384.6154	
937500000.0000	2596153846.1538	72115384.6154	288461538.4615	-937500000.0000	-1298076923.0769	-72115384.6154	-1586538461.5385	
-1586538461.5385	72115384.6154	2596153846.1538	-937500000.0000	288461538.4615	-72115384.6154	-1298076923.0769	937500000.0000	
-72115384.6154	288461538.4615	-937500000.0000	2596153846.1538	72115384.6154	-1586538461.5385	937500000.0000	-1298076923.0769	
-1298076923.0769	-937500000.0000	288461538.4615	72115384.6154	2596153846.1538	937500000.0000	-1586538461.5385	-72115384.6154	
-937500000.0000	-1298076923.0769	-72115384.6154	-1586538461.5385	937500000.0000	2596153846.1538	72115384.6154	288461538.4615	
288461538.4615	-72115384.6154	-1298076923.0769	937500000.0000	-1586538461.5385	72115384.6154	2596153846.1538	-937500000.0000	
72115384.6154	-1586538461.5385	937500000.0000	-1298076923.0769	-72115384.6154	288461538.4615	-937500000.0000	2596153846.1538	

2596153846.1538	937500000.0000	-1586538461.5385	-72115384.6154	-1298076923.0769	-937500000.0000	288461538.4615	72115384.6154	
937500000.0000	2596153846.1538	72115384.6154	288461538.4615	-937500000.0000	-1298076923.0769	-72115384.6154	-1586538461.5385	
-1586538461.5385	72115384.6154	2596153846.1538	-937500000.0000	288461538.4615	-72115384.6154	-1298076923.0769	937500000.0000	
-72115384.6154	288461538.4615	-937500000.0000	2596153846.1538	72115384.6154	-1586538461.5385	937500000.0000	-1298076923.0769	
-1298076923.0769	-937500000.0000	288461538.4615	72115384.6154	2596153846.1538	937500000.0000	-1586538461.5385	-72115384.6154	
-937500000.0000	-1298076923.0769	-72115384.6154	-1586538461.5385	937500000.0000	2596153846.1538	72115384.6154	288461538.4615	
288461538.4615	-72115384.6154	-1298076923.0769	937500000.0000	-1586538461.5385	72115384.6154	2596153846.1538	-937500000.0000	
72115384.6154	-1586538461.5385	937500000.0000	-1298076923.0769	-72115384.6154	288461538.4615	-937500000.0000	2596153846.1538	

2596153846.1538	937500000.0000	-1586538461.5385	-72115384.6154	-1298076923.0769	-937500000.0000	288461538.4615	72115384.6154	
937500000.0000	2596153846.1538	72115384.6154	288461538.4615	-937500000.0000	-1298076923.0769	-72115384.6154	-1586538461.5385	
-1586538461.5385	72115384.6154	2596153846.1538	-937500000.0000	288461538.4615	-72115384.6154	-1298076923.0769	937500000.0000	
-72115384.6154	288461538.4615	-937500000.0000	2596153846.1538	72115384.6154	-1586538461.5385	937500000.0000	-1298076923.0769	
-1298076923.0769	-937500000.0000	288461538.4615	72115384.6154	2596153846.1538	937500000.0000	-1586538461.5385	-72115384.6154	
-937500000.0000	-1298076923.0769	-72115384.6154	-1586538461.5385	937500000.0000	2596153846.1538	72115384.6154	288461538.4615	
288461538.4615	-72115384.6154	-1298076923.0769	937500000.0000	-1586538461.5385	72115384.6154	2596153846.1538	-937500000.0000	
72115384.6154	-1586538461.5385	937500000.0000	-1298076923.0769	-72115384.6154	288461538.4615	-937500000.0000	2596153846.1538	


global stiffness matrix:

2596153846.1538	937500000.0000	-1586538461.5385	-72115384.6154	  0.0000	  0.0000	288461538.4615	72115384.6154	-1298076923.0769	-937500000.0000	  0.0000	  0.0000	  0.0000	  0.0000	  0.0000	  0.0000	
937500000.0000	2596153846.1538	72115384.6154	288461538.4615	  0.0000	  0.0000	-72115384.6154	-1586538461.5385	-937500000.0000	-1298076923.0769	  0.0000	  0.0000	  0.0000	  0.0000	  0.0000	  0.0000	
-1586538461.5385	72115384.6154	5192307692.3077	  0.0000	-1586538461.5385	-72115384.6154	-1298076923.0769	937500000.0000	576923076.9231	  0.0000	-1298076923.0769	-937500000.0000	  0.0000	  0.0000	  0.0000	  0.0000	
-72115384.6154	288461538.4615	  0.0000	5192307692.3077	72115384.6154	288461538.4615	937500000.0000	-1298076923.0769	  0.0000	-3173076923.0769	-937500000.0000	-1298076923.0769	  0.0000	  0.0000	  0.0000	  0.0000	
  0.0000	  0.0000	-1586538461.5385	72115384.6154	2596153846.1538	-937500000.0000	  0.0000	  0.0000	-1298076923.0769	937500000.0000	288461538.4615	-72115384.6154	  0.0000	  0.0000	  0.0000	  0.0000	
  0.0000	  0.0000	-72115384.6154	288461538.4615	-937500000.0000	2596153846.1538	  0.0000	  0.0000	937500000.0000	-1298076923.0769	72115384.6154	-1586538461.5385	  0.0000	  0.0000	  0.0000	  0.0000	
288461538.4615	-72115384.6154	-1298076923.0769	937500000.0000	  0.0000	  0.0000	5192307692.3077	  0.0000	-3173076923.0769	  0.0000	  0.0000	  0.0000	288461538.4615	72115384.6154	-1298076923.0769	-937500000.0000	
72115384.6154	-1586538461.5385	937500000.0000	-1298076923.0769	  0.0000	  0.0000	  0.0000	5192307692.3077	  0.0000	576923076.9231	  0.0000	  0.0000	-72115384.6154	-1586538461.5385	-937500000.0000	-1298076923.0769	
-1298076923.0769	-937500000.0000	576923076.9231	  0.0000	-1298076923.0769	937500000.0000	-3173076923.0769	  0.0000	7788461538.4615	-937500000.0000	-1586538461.5385	72115384.6154	-1298076923.0769	937500000.0000	288461538.4615	-72115384.6154	
-937500000.0000	-1298076923.0769	  0.0000	-3173076923.0769	937500000.0000	-1298076923.0769	  0.0000	576923076.9231	-937500000.0000	7788461538.4615	-72115384.6154	288461538.4615	937500000.0000	-1298076923.0769	72115384.6154	-1586538461.5385	
  0.0000	  0.0000	-1298076923.0769	-937500000.0000	288461538.4615	72115384.6154	  0.0000	  0.0000	-1586538461.5385	-72115384.6154	2596153846.1538	937500000.0000	  0.0000	  0.0000	  0.0000	  0.0000	
  0.0000	  0.0000	-937500000.0000	-1298076923.0769	-72115384.6154	-1586538461.5385	  0.0000	  0.0000	72115384.6154	288461538.4615	937500000.0000	2596153846.1538	  0.0000	  0.0000	  0.0000	  0.0000	
  0.0000	  0.0000	  0.0000	  0.0000	  0.0000	  0.0000	288461538.4615	-72115384.6154	-1298076923.0769	937500000.0000	  0.0000	  0.0000	2596153846.1538	-937500000.0000	-1586538461.5385	72115384.6154	
  0.0000	  0.0000	  0.0000	  0.0000	  0.0000	  0.0000	72115384.6154	-1586538461.5385	937500000.0000	-1298076923.0769	  0.0000	  0.0000	-937500000.0000	2596153846.1538	-72115384.6154	288461538.4615	
  0.0000	  0.0000	  0.0000	  0.0000	  0.0000	  0.0000	-1298076923.0769	-937500000.0000	288461538.4615	72115384.6154	  0.0000	  0.0000	-1586538461.5385	-72115384.6154	2596153846.1538	937500000.0000	
  0.0000	  0.0000	  0.0000	  0.0000	  0.0000	  0.0000	-937500000.0000	-1298076923.0769	-72115384.6154	-1586538461.5385	  0.0000	  0.0000	72115384.6154	288461538.4615	937500000.0000	2596153846.1538	


K_cc= 

5192307692.3077	  0.0000	-1586538461.5385	-72115384.6154	576923076.9231	  0.0000	-1298076923.0769	-937500000.0000	  0.0000	  0.0000	
  0.0000	5192307692.3077	72115384.6154	288461538.4615	  0.0000	-3173076923.0769	-937500000.0000	-1298076923.0769	  0.0000	  0.0000	
-1586538461.5385	72115384.6154	2596153846.1538	-937500000.0000	-1298076923.0769	937500000.0000	288461538.4615	-72115384.6154	  0.0000	  0.0000	
-72115384.6154	288461538.4615	-937500000.0000	2596153846.1538	937500000.0000	-1298076923.0769	72115384.6154	-1586538461.5385	  0.0000	  0.0000	
576923076.9231	  0.0000	-1298076923.0769	937500000.0000	7788461538.4615	-937500000.0000	-1586538461.5385	72115384.6154	288461538.4615	-72115384.6154	
  0.0000	-3173076923.0769	937500000.0000	-1298076923.0769	-937500000.0000	7788461538.4615	-72115384.6154	288461538.4615	72115384.6154	-1586538461.5385	
-1298076923.0769	-937500000.0000	288461538.4615	72115384.6154	-1586538461.5385	-72115384.6154	2596153846.1538	937500000.0000	  0.0000	  0.0000	
-937500000.0000	-1298076923.0769	-72115384.6154	-1586538461.5385	72115384.6154	288461538.4615	937500000.0000	2596153846.1538	  0.0000	  0.0000	
  0.0000	  0.0000	  0.0000	  0.0000	288461538.4615	72115384.6154	  0.0000	  0.0000	2596153846.1538	937500000.0000	
  0.0000	  0.0000	  0.0000	  0.0000	-72115384.6154	-1586538461.5385	  0.0000	  0.0000	937500000.0000	2596153846.1538	


K_ca= 

-1586538461.5385	72115384.6154	-1298076923.0769	937500000.0000	  0.0000	  0.0000	
-72115384.6154	288461538.4615	937500000.0000	-1298076923.0769	  0.0000	  0.0000	
  0.0000	  0.0000	  0.0000	  0.0000	  0.0000	  0.0000	
  0.0000	  0.0000	  0.0000	  0.0000	  0.0000	  0.0000	
-1298076923.0769	-937500000.0000	-3173076923.0769	  0.0000	-1298076923.0769	937500000.0000	
-937500000.0000	-1298076923.0769	  0.0000	576923076.9231	937500000.0000	-1298076923.0769	
  0.0000	  0.0000	  0.0000	  0.0000	  0.0000	  0.0000	
  0.0000	  0.0000	  0.0000	  0.0000	  0.0000	  0.0000	
  0.0000	  0.0000	-1298076923.0769	-937500000.0000	-1586538461.5385	-72115384.6154	
  0.0000	  0.0000	-937500000.0000	-1298076923.0769	72115384.6154	288461538.4615	


K_ac= 

-1586538461.5385	-72115384.6154	  0.0000	  0.0000	-1298076923.0769	-937500000.0000	  0.0000	  0.0000	  0.0000	  0.0000	
72115384.6154	288461538.4615	  0.0000	  0.0000	-937500000.0000	-1298076923.0769	  0.0000	  0.0000	  0.0000	  0.0000	
-1298076923.0769	937500000.0000	  0.0000	  0.0000	-3173076923.0769	  0.0000	  0.0000	  0.0000	-1298076923.0769	-937500000.0000	
937500000.0000	-1298076923.0769	  0.0000	  0.0000	  0.0000	576923076.9231	  0.0000	  0.0000	-937500000.0000	-1298076923.0769	
  0.0000	  0.0000	  0.0000	  0.0000	-1298076923.0769	937500000.0000	  0.0000	  0.0000	-1586538461.5385	72115384.6154	
  0.0000	  0.0000	  0.0000	  0.0000	937500000.0000	-1298076923.0769	  0.0000	  0.0000	-72115384.6154	288461538.4615	


K_aa= 

2596153846.1538	937500000.0000	288461538.4615	72115384.6154	  0.0000	  0.0000	
937500000.0000	2596153846.1538	-72115384.6154	-1586538461.5385	  0.0000	  0.0000	
288461538.4615	-72115384.6154	5192307692.3077	  0.0000	288461538.4615	72115384.6154	
72115384.6154	-1586538461.5385	  0.0000	5192307692.3077	-72115384.6154	-1586538461.5385	
  0.0000	  0.0000	288461538.4615	-72115384.6154	2596153846.1538	-937500000.0000	
  0.0000	  0.0000	72115384.6154	-1586538461.5385	-937500000.0000	2596153846.1538	


U_a= 

 -0.0000	 -0.0000	 -0.0000	 -0.0000	  0.0000	 -0.0000	  0.0000	 -0.0000	  0.0000	 -0.0000	

F_c= 

6399.3783	4335.3945	-298.7565	3629.5658	-6100.6217	4535.0397	

U= 

  0.0000	  0.0000	 -0.0000	 -0.0000	 -0.0000	 -0.0000	  0.0000	  0.0000	  0.0000	 -0.0000	  0.0000	 -0.0000	  0.0000	  0.0000	  0.0000	 -0.0000	

F= 

6399.3783	4335.3945	  0.0000	  0.0000	  0.0000	  0.0000	-298.7565	3629.5658	  0.0000	-12500.0000	  0.0000	  0.0000	-6100.6217	4535.0397	  0.0000	  0.0000	

stress= 

166995.41728208959102630615234375*conj(s) + 546490.783358752727508544921875*conj(t) + 730178.62738196551799774169921875		652715.3171658813953399658203125*conj(t) - 94155.736957203596830368041992188*conj(s) - 730178.62738196551799774169921875		126002.53033978678286075592041016*conj(s) + 0.0000000010643905605220683174285626476641*conj(t) + 0.000000000014350469858666350936890732895457		
556651.39094030857086181640625*conj(s) + 163947.23500762507319450378417969*conj(t) + 725606.3539702594280242919921875		195814.59514976292848587036132812*conj(t) - 313852.45652401447296142578125*conj(s) - 504659.32365144044160842895507812		420008.43446595221757888793945312*conj(s) + 0.00000000031931716815662314220652896398778*conj(t) - 189003.79550968110561370849609375		
191271.77417556196451187133789062*conj(s) + 194827.98682910576462745666503906*conj(t) - 976099.47989340126514434814453125		228450.36100805550813674926757812*conj(s) - 109848.35978340357542037963867188*conj(t) - 1023900.5201065987348556518554688		0.00000000037253669618272920505591726605954*conj(s) + 147002.952063083648681640625*conj(t) - 0.00000000032977782144152298046915652678102		


strain= 

0.0000023681267278879373355815474155861*conj(t) + 0.0000024404605770994461204359549100218		0.000002828433041052148214783423796348*conj(t) - 0.0000027560991918406394299290163019123		0.0000000000000000000046123590955956823150829748669821*conj(t) + 0.00000027000542215668366183983772899069		
0.0000024121560274079838041838552697982*conj(s) + 0.0000024121560274079838041838552697982		- 0.0000013600273116040422459460668136444*conj(s) - 0.0000013600273116040422459460668136444		0.0000018200365493524722857593411973198*conj(s) - 0.00000090001807385561220613279242996896		
0.0000023681267278879373355815474155861*conj(s) + 0.0000024121560274079838041838552697982*conj(t) - 0.000012085041179632624239181915015706		0.000002828433041052148214783423796348*conj(s) - 0.0000013600273116040422459460668136444*conj(t) - 0.000012676863582272192287891954265433		0.0000000000000000000046123590955956823150829748669821*conj(s) + 0.0000018200365493524722857593411973198*conj(t) - 0.0000000000000000000040829635035617446031652733040573		


stress_zero_point= 

730178.6274		-730178.6274		  0.0000		
725606.3540		-504659.3237		-189003.7955		
-976099.4799		-1023900.5201		 -0.0000		


strain_zero_point= 

  0.0000		 -0.0000		  0.0000		
  0.0000		 -0.0000		 -0.0000		
 -0.0000		 -0.0000		 -0.0000		


principal_stress= 

1703994.6478		412671.8041		  0.0000		
-248209.6664		-1647509.7551		-189003.7955		


principal_direction= 

-44.9329		-48.1423		 -0.0000		
