element stiffness matrices:

235576923076.9231	  0.0000	  0.0000	-235576923076.9231	5048076923.0769	10096153846.1538	  0.0000	-5048076923.0769	  0.0000	  0.0000	  0.0000	-10096153846.1538	
  0.0000	67307692307.6923	  0.0000	3365384615.3846	-67307692307.6923	  0.0000	-3365384615.3846	  0.0000	  0.0000	  0.0000	  0.0000	  0.0000	
  0.0000	  0.0000	67307692307.6923	6730769230.7692	  0.0000	-67307692307.6923	  0.0000	  0.0000	  0.0000	-6730769230.7692	  0.0000	  0.0000	
-235576923076.9231	3365384615.3846	6730769230.7692	236418269230.7692	-8413461538.4615	-16826923076.9231	-168269230.7692	5048076923.0769	  0.0000	-673076923.0769	  0.0000	10096153846.1538	
5048076923.0769	-67307692307.6923	  0.0000	-8413461538.4615	68569711538.4615	841346153.8462	3365384615.3846	-588942307.6923	-336538461.5385	  0.0000	-673076923.0769	-504807692.3077	
10096153846.1538	  0.0000	-67307692307.6923	-16826923076.9231	841346153.8462	69831730769.2308	  0.0000	-504807692.3077	-168269230.7692	6730769230.7692	-336538461.5385	-2355769230.7692	
  0.0000	-3365384615.3846	  0.0000	-168269230.7692	3365384615.3846	  0.0000	168269230.7692	  0.0000	  0.0000	  0.0000	  0.0000	  0.0000	
-5048076923.0769	  0.0000	  0.0000	5048076923.0769	-588942307.6923	-504807692.3077	  0.0000	588942307.6923	  0.0000	  0.0000	  0.0000	504807692.3077	
  0.0000	  0.0000	  0.0000	  0.0000	-336538461.5385	-168269230.7692	  0.0000	  0.0000	168269230.7692	  0.0000	336538461.5385	  0.0000	
  0.0000	  0.0000	-6730769230.7692	-673076923.0769	  0.0000	6730769230.7692	  0.0000	  0.0000	  0.0000	673076923.0769	  0.0000	  0.0000	
  0.0000	  0.0000	  0.0000	  0.0000	-673076923.0769	-336538461.5385	  0.0000	  0.0000	336538461.5385	  0.0000	673076923.0769	  0.0000	
-10096153846.1538	  0.0000	  0.0000	10096153846.1538	-504807692.3077	-2355769230.7692	  0.0000	504807692.3077	  0.0000	  0.0000	  0.0000	2355769230.7692	

168269230.7692	  0.0000	  0.0000	  0.0000	-3365384615.3846	  0.0000	-168269230.7692	3365384615.3846	  0.0000	  0.0000	  0.0000	  0.0000	
  0.0000	588942307.6923	  0.0000	-5048076923.0769	  0.0000	  0.0000	5048076923.0769	-588942307.6923	504807692.3077	  0.0000	  0.0000	-504807692.3077	
  0.0000	  0.0000	168269230.7692	  0.0000	  0.0000	  0.0000	  0.0000	336538461.5385	-168269230.7692	  0.0000	-336538461.5385	  0.0000	
  0.0000	-5048076923.0769	  0.0000	235576923076.9231	  0.0000	  0.0000	-235576923076.9231	5048076923.0769	-10096153846.1538	  0.0000	  0.0000	10096153846.1538	
-3365384615.3846	  0.0000	  0.0000	  0.0000	67307692307.6923	  0.0000	3365384615.3846	-67307692307.6923	  0.0000	  0.0000	  0.0000	  0.0000	
  0.0000	  0.0000	  0.0000	  0.0000	  0.0000	67307692307.6923	-6730769230.7692	  0.0000	-67307692307.6923	6730769230.7692	  0.0000	  0.0000	
-168269230.7692	5048076923.0769	  0.0000	-235576923076.9231	3365384615.3846	-6730769230.7692	236418269230.7692	-8413461538.4615	16826923076.9231	-673076923.0769	  0.0000	-10096153846.1538	
3365384615.3846	-588942307.6923	336538461.5385	5048076923.0769	-67307692307.6923	  0.0000	-8413461538.4615	68569711538.4615	-841346153.8462	  0.0000	-673076923.0769	504807692.3077	
  0.0000	504807692.3077	-168269230.7692	-10096153846.1538	  0.0000	-67307692307.6923	16826923076.9231	-841346153.8462	69831730769.2308	-6730769230.7692	336538461.5385	-2355769230.7692	
  0.0000	  0.0000	  0.0000	  0.0000	  0.0000	6730769230.7692	-673076923.0769	  0.0000	-6730769230.7692	673076923.0769	  0.0000	  0.0000	
  0.0000	  0.0000	-336538461.5385	  0.0000	  0.0000	  0.0000	  0.0000	-673076923.0769	336538461.5385	  0.0000	673076923.0769	  0.0000	
  0.0000	-504807692.3077	  0.0000	10096153846.1538	  0.0000	  0.0000	-10096153846.1538	504807692.3077	-2355769230.7692	  0.0000	  0.0000	2355769230.7692	

235576923076.9231	  0.0000	  0.0000	-235576923076.9231	-5048076923.0769	10096153846.1538	  0.0000	5048076923.0769	  0.0000	  0.0000	  0.0000	-10096153846.1538	
  0.0000	67307692307.6923	  0.0000	-3365384615.3846	-67307692307.6923	  0.0000	3365384615.3846	  0.0000	  0.0000	  0.0000	  0.0000	  0.0000	
  0.0000	  0.0000	67307692307.6923	6730769230.7692	  0.0000	-67307692307.6923	  0.0000	  0.0000	  0.0000	-6730769230.7692	  0.0000	  0.0000	
-235576923076.9231	-3365384615.3846	6730769230.7692	236418269230.7692	8413461538.4615	-16826923076.9231	-168269230.7692	-5048076923.0769	  0.0000	-673076923.0769	  0.0000	10096153846.1538	
-5048076923.0769	-67307692307.6923	  0.0000	8413461538.4615	68569711538.4615	-841346153.8462	-3365384615.3846	-588942307.6923	336538461.5385	  0.0000	-673076923.0769	504807692.3077	
10096153846.1538	  0.0000	-67307692307.6923	-16826923076.9231	-841346153.8462	69831730769.2308	  0.0000	504807692.3077	-168269230.7692	6730769230.7692	336538461.5385	-2355769230.7692	
  0.0000	3365384615.3846	  0.0000	-168269230.7692	-3365384615.3846	  0.0000	168269230.7692	  0.0000	  0.0000	  0.0000	  0.0000	  0.0000	
5048076923.0769	  0.0000	  0.0000	-5048076923.0769	-588942307.6923	504807692.3077	  0.0000	588942307.6923	  0.0000	  0.0000	  0.0000	-504807692.3077	
  0.0000	  0.0000	  0.0000	  0.0000	336538461.5385	-168269230.7692	  0.0000	  0.0000	168269230.7692	  0.0000	-336538461.5385	  0.0000	
  0.0000	  0.0000	-6730769230.7692	-673076923.0769	  0.0000	6730769230.7692	  0.0000	  0.0000	  0.0000	673076923.0769	  0.0000	  0.0000	
  0.0000	  0.0000	  0.0000	  0.0000	-673076923.0769	336538461.5385	  0.0000	  0.0000	-336538461.5385	  0.0000	673076923.0769	  0.0000	
-10096153846.1538	  0.0000	  0.0000	10096153846.1538	504807692.3077	-2355769230.7692	  0.0000	-504807692.3077	  0.0000	  0.0000	  0.0000	2355769230.7692	

168269230.7692	  0.0000	  0.0000	  0.0000	3365384615.3846	  0.0000	-168269230.7692	-3365384615.3846	  0.0000	  0.0000	  0.0000	  0.0000	
  0.0000	588942307.6923	  0.0000	5048076923.0769	  0.0000	  0.0000	-5048076923.0769	-588942307.6923	-504807692.3077	  0.0000	  0.0000	504807692.3077	
  0.0000	  0.0000	168269230.7692	  0.0000	  0.0000	  0.0000	  0.0000	-336538461.5385	-168269230.7692	  0.0000	336538461.5385	  0.0000	
  0.0000	5048076923.0769	  0.0000	235576923076.9231	  0.0000	  0.0000	-235576923076.9231	-5048076923.0769	-10096153846.1538	  0.0000	  0.0000	10096153846.1538	
3365384615.3846	  0.0000	  0.0000	  0.0000	67307692307.6923	  0.0000	-3365384615.3846	-67307692307.6923	  0.0000	  0.0000	  0.0000	  0.0000	
  0.0000	  0.0000	  0.0000	  0.0000	  0.0000	67307692307.6923	-6730769230.7692	  0.0000	-67307692307.6923	6730769230.7692	  0.0000	  0.0000	
-168269230.7692	-5048076923.0769	  0.0000	-235576923076.9231	-3365384615.3846	-6730769230.7692	236418269230.7692	8413461538.4615	16826923076.9231	-673076923.0769	  0.0000	-10096153846.1538	
-3365384615.3846	-588942307.6923	-336538461.5385	-5048076923.0769	-67307692307.6923	  0.0000	8413461538.4615	68569711538.4615	841346153.8462	  0.0000	-673076923.0769	-504807692.3077	
  0.0000	-504807692.3077	-168269230.7692	-10096153846.1538	  0.0000	-67307692307.6923	16826923076.9231	841346153.8462	69831730769.2308	-6730769230.7692	-336538461.5385	-2355769230.7692	
  0.0000	  0.0000	  0.0000	  0.0000	  0.0000	6730769230.7692	-673076923.0769	  0.0000	-6730769230.7692	673076923.0769	  0.0000	  0.0000	
  0.0000	  0.0000	336538461.5385	  0.0000	  0.0000	  0.0000	  0.0000	-673076923.0769	-336538461.5385	  0.0000	673076923.0769	  0.0000	
  0.0000	504807692.3077	  0.0000	10096153846.1538	  0.0000	  0.0000	-10096153846.1538	-504807692.3077	-2355769230.7692	  0.0000	  0.0000	2355769230.7692	

118209134615.3846	4206730769.2308	8413461538.4615	-118040865384.6154	841346153.8462	-8413461538.4615	-117536057692.3077	-4206730769.2308	1682692307.6923	117367788461.5385	-841346153.8462	-1682692307.6923	
4206730769.2308	34284855769.2308	420673076.9231	-841346153.8462	-33695913461.5385	-84134615.3846	-4206730769.2308	-33611778846.1538	84134615.3846	841346153.8462	33022836538.4615	-420673076.9231	
8413461538.4615	420673076.9231	34915865384.6154	-8413461538.4615	84134615.3846	-34747596153.8461	-1682692307.6923	-84134615.3846	-32560096153.8461	1682692307.6923	-420673076.9231	32391826923.0769	
-118040865384.6154	-841346153.8462	-8413461538.4615	118209134615.3846	-4206730769.2308	8413461538.4615	117367788461.5385	841346153.8462	-1682692307.6923	-117536057692.3077	4206730769.2308	1682692307.6923	
841346153.8462	-33695913461.5385	84134615.3846	-4206730769.2308	34284855769.2308	-420673076.9231	-841346153.8462	33022836538.4615	420673076.9231	4206730769.2308	-33611778846.1538	-84134615.3846	
-8413461538.4615	-84134615.3846	-34747596153.8461	8413461538.4615	-420673076.9231	34915865384.6154	1682692307.6923	420673076.9231	32391826923.0769	-1682692307.6923	84134615.3846	-32560096153.8461	
-117536057692.3077	-4206730769.2308	-1682692307.6923	117367788461.5385	-841346153.8462	1682692307.6923	118209134615.3846	4206730769.2308	-8413461538.4615	-118040865384.6154	841346153.8462	8413461538.4615	
-4206730769.2308	-33611778846.1538	-84134615.3846	841346153.8462	33022836538.4615	420673076.9231	4206730769.2308	34284855769.2308	-420673076.9231	-841346153.8462	-33695913461.5385	84134615.3846	
1682692307.6923	84134615.3846	-32560096153.8461	-1682692307.6923	420673076.9231	32391826923.0769	-8413461538.4615	-420673076.9231	34915865384.6154	8413461538.4615	-84134615.3846	-34747596153.8461	
117367788461.5385	841346153.8462	1682692307.6923	-117536057692.3077	4206730769.2308	-1682692307.6923	-118040865384.6154	-841346153.8462	8413461538.4615	118209134615.3846	-4206730769.2308	-8413461538.4615	
-841346153.8462	33022836538.4615	-420673076.9231	4206730769.2308	-33611778846.1538	84134615.3846	841346153.8462	-33695913461.5385	-84134615.3846	-4206730769.2308	34284855769.2308	420673076.9231	
-1682692307.6923	-420673076.9231	32391826923.0769	1682692307.6923	-84134615.3846	-32560096153.8461	8413461538.4615	84134615.3846	-34747596153.8461	-8413461538.4615	420673076.9231	34915865384.6154	


global stiffness matrix:

354627403846.1538	4206730769.2308	8413461538.4615	-235576923076.9231	5048076923.0769	10096153846.1538	-168269230.7692	3365384615.3846	  0.0000	-117536057692.3077	-12620192307.6923	1682692307.6923	-673076923.0769	  0.0000	6730769230.7692	-118040865384.6154	841346153.8462	-25240384615.3846	117367788461.5385	-841346153.8462	-1682692307.6923	  0.0000	  0.0000	  0.0000	
4206730769.2308	102854567307.6923	420673076.9231	3365384615.3846	-67307692307.6923	  0.0000	5048076923.0769	-588942307.6923	504807692.3077	-12620192307.6923	-33611778846.1538	84134615.3846	  0.0000	-673076923.0769	336538461.5385	-841346153.8462	-33695913461.5385	-84134615.3846	841346153.8462	33022836538.4615	-1262019230.7692	  0.0000	  0.0000	  0.0000	
8413461538.4615	420673076.9231	104747596153.8461	6730769230.7692	  0.0000	-67307692307.6923	  0.0000	336538461.5385	-168269230.7692	-1682692307.6923	-84134615.3846	-32560096153.8461	10096153846.1538	504807692.3077	-2355769230.7692	-25240384615.3846	84134615.3846	-34747596153.8461	1682692307.6923	-1262019230.7692	32391826923.0769	  0.0000	  0.0000	  0.0000	
-235576923076.9231	3365384615.3846	6730769230.7692	236418269230.7692	-8413461538.4615	-16826923076.9231	  0.0000	  0.0000	  0.0000	-168269230.7692	5048076923.0769	  0.0000	  0.0000	  0.0000	  0.0000	-673076923.0769	  0.0000	10096153846.1538	  0.0000	  0.0000	  0.0000	  0.0000	  0.0000	  0.0000	
5048076923.0769	-67307692307.6923	  0.0000	-8413461538.4615	68569711538.4615	841346153.8462	  0.0000	  0.0000	  0.0000	3365384615.3846	-588942307.6923	-336538461.5385	  0.0000	  0.0000	  0.0000	  0.0000	-673076923.0769	-504807692.3077	  0.0000	  0.0000	  0.0000	  0.0000	  0.0000	  0.0000	
10096153846.1538	  0.0000	-67307692307.6923	-16826923076.9231	841346153.8462	69831730769.2308	  0.0000	  0.0000	  0.0000	  0.0000	-504807692.3077	-168269230.7692	  0.0000	  0.0000	  0.0000	6730769230.7692	-336538461.5385	-2355769230.7692	  0.0000	  0.0000	  0.0000	  0.0000	  0.0000	  0.0000	
-168269230.7692	5048076923.0769	  0.0000	  0.0000	  0.0000	  0.0000	236418269230.7692	-8413461538.4615	16826923076.9231	-235576923076.9231	3365384615.3846	-6730769230.7692	  0.0000	  0.0000	  0.0000	  0.0000	  0.0000	  0.0000	-673076923.0769	  0.0000	-10096153846.1538	  0.0000	  0.0000	  0.0000	
3365384615.3846	-588942307.6923	336538461.5385	  0.0000	  0.0000	  0.0000	-8413461538.4615	68569711538.4615	-841346153.8462	5048076923.0769	-67307692307.6923	  0.0000	  0.0000	  0.0000	  0.0000	  0.0000	  0.0000	  0.0000	  0.0000	-673076923.0769	504807692.3077	  0.0000	  0.0000	  0.0000	
  0.0000	504807692.3077	-168269230.7692	  0.0000	  0.0000	  0.0000	16826923076.9231	-841346153.8462	69831730769.2308	-10096153846.1538	  0.0000	-67307692307.6923	  0.0000	  0.0000	  0.0000	  0.0000	  0.0000	  0.0000	-6730769230.7692	336538461.5385	-2355769230.7692	  0.0000	  0.0000	  0.0000	
-117536057692.3077	-12620192307.6923	-1682692307.6923	-168269230.7692	3365384615.3846	  0.0000	-235576923076.9231	5048076923.0769	-10096153846.1538	354627403846.1538	4206730769.2308	-8413461538.4615	  0.0000	  0.0000	  0.0000	117367788461.5385	-841346153.8462	1682692307.6923	-118040865384.6154	841346153.8462	25240384615.3846	-673076923.0769	  0.0000	-6730769230.7692	
-12620192307.6923	-33611778846.1538	-84134615.3846	5048076923.0769	-588942307.6923	-504807692.3077	3365384615.3846	-67307692307.6923	  0.0000	4206730769.2308	102854567307.6923	-420673076.9231	  0.0000	  0.0000	  0.0000	841346153.8462	33022836538.4615	1262019230.7692	-841346153.8462	-33695913461.5385	84134615.3846	  0.0000	-673076923.0769	-336538461.5385	
1682692307.6923	84134615.3846	-32560096153.8461	  0.0000	-336538461.5385	-168269230.7692	-6730769230.7692	  0.0000	-67307692307.6923	-8413461538.4615	-420673076.9231	104747596153.8461	  0.0000	  0.0000	  0.0000	-1682692307.6923	1262019230.7692	32391826923.0769	25240384615.3846	-84134615.3846	-34747596153.8461	-10096153846.1538	-504807692.3077	-2355769230.7692	
-673076923.0769	  0.0000	10096153846.1538	  0.0000	  0.0000	  0.0000	  0.0000	  0.0000	  0.0000	  0.0000	  0.0000	  0.0000	236418269230.7692	8413461538.4615	-16826923076.9231	-235576923076.9231	-3365384615.3846	6730769230.7692	-168269230.7692	-5048076923.0769	  0.0000	  0.0000	  0.0000	  0.0000	
  0.0000	-673076923.0769	504807692.3077	  0.0000	  0.0000	  0.0000	  0.0000	  0.0000	  0.0000	  0.0000	  0.0000	  0.0000	8413461538.4615	68569711538.4615	-841346153.8462	-5048076923.0769	-67307692307.6923	  0.0000	-3365384615.3846	-588942307.6923	336538461.5385	  0.0000	  0.0000	  0.0000	
6730769230.7692	336538461.5385	-2355769230.7692	  0.0000	  0.0000	  0.0000	  0.0000	  0.0000	  0.0000	  0.0000	  0.0000	  0.0000	-16826923076.9231	-841346153.8462	69831730769.2308	10096153846.1538	  0.0000	-67307692307.6923	  0.0000	504807692.3077	-168269230.7692	  0.0000	  0.0000	  0.0000	
-118040865384.6154	-841346153.8462	-25240384615.3846	-673076923.0769	  0.0000	6730769230.7692	  0.0000	  0.0000	  0.0000	117367788461.5385	841346153.8462	-1682692307.6923	-235576923076.9231	-5048076923.0769	10096153846.1538	354627403846.1538	-4206730769.2308	8413461538.4615	-117536057692.3077	12620192307.6923	1682692307.6923	-168269230.7692	-3365384615.3846	  0.0000	
841346153.8462	-33695913461.5385	84134615.3846	  0.0000	-673076923.0769	-336538461.5385	  0.0000	  0.0000	  0.0000	-841346153.8462	33022836538.4615	1262019230.7692	-3365384615.3846	-67307692307.6923	  0.0000	-4206730769.2308	102854567307.6923	-420673076.9231	12620192307.6923	-33611778846.1538	-84134615.3846	-5048076923.0769	-588942307.6923	-504807692.3077	
-25240384615.3846	-84134615.3846	-34747596153.8461	10096153846.1538	-504807692.3077	-2355769230.7692	  0.0000	  0.0000	  0.0000	1682692307.6923	1262019230.7692	32391826923.0769	6730769230.7692	  0.0000	-67307692307.6923	8413461538.4615	-420673076.9231	104747596153.8461	-1682692307.6923	84134615.3846	-32560096153.8461	  0.0000	-336538461.5385	-168269230.7692	
117367788461.5385	841346153.8462	1682692307.6923	  0.0000	  0.0000	  0.0000	-673076923.0769	  0.0000	-6730769230.7692	-118040865384.6154	-841346153.8462	25240384615.3846	-168269230.7692	-3365384615.3846	  0.0000	-117536057692.3077	12620192307.6923	-1682692307.6923	354627403846.1538	-4206730769.2308	-8413461538.4615	-235576923076.9231	-5048076923.0769	-10096153846.1538	
-841346153.8462	33022836538.4615	-1262019230.7692	  0.0000	  0.0000	  0.0000	  0.0000	-673076923.0769	336538461.5385	841346153.8462	-33695913461.5385	-84134615.3846	-5048076923.0769	-588942307.6923	504807692.3077	12620192307.6923	-33611778846.1538	84134615.3846	-4206730769.2308	102854567307.6923	420673076.9231	-3365384615.3846	-67307692307.6923	  0.0000	
-1682692307.6923	-1262019230.7692	32391826923.0769	  0.0000	  0.0000	  0.0000	-10096153846.1538	504807692.3077	-2355769230.7692	25240384615.3846	84134615.3846	-34747596153.8461	  0.0000	336538461.5385	-168269230.7692	1682692307.6923	-84134615.3846	-32560096153.8461	-8413461538.4615	420673076.9231	104747596153.8461	-6730769230.7692	  0.0000	-67307692307.6923	
  0.0000	  0.0000	  0.0000	  0.0000	  0.0000	  0.0000	  0.0000	  0.0000	  0.0000	-673076923.0769	  0.0000	-10096153846.1538	  0.0000	  0.0000	  0.0000	-168269230.7692	-5048076923.0769	  0.0000	-235576923076.9231	-3365384615.3846	-6730769230.7692	236418269230.7692	8413461538.4615	16826923076.9231	
  0.0000	  0.0000	  0.0000	  0.0000	  0.0000	  0.0000	  0.0000	  0.0000	  0.0000	  0.0000	-673076923.0769	-504807692.3077	  0.0000	  0.0000	  0.0000	-3365384615.3846	-588942307.6923	-336538461.5385	-5048076923.0769	-67307692307.6923	  0.0000	8413461538.4615	68569711538.4615	841346153.8462	
  0.0000	  0.0000	  0.0000	  0.0000	  0.0000	  0.0000	  0.0000	  0.0000	  0.0000	-6730769230.7692	-336538461.5385	-2355769230.7692	  0.0000	  0.0000	  0.0000	  0.0000	-504807692.3077	-168269230.7692	-10096153846.1538	  0.0000	-67307692307.6923	16826923076.9231	841346153.8462	69831730769.2308	


K_cc= 

236418269230.7692	-8413461538.4615	16826923076.9231	-235576923076.9231	3365384615.3846	-6730769230.7692	-673076923.0769	  0.0000	-10096153846.1538	  0.0000	  0.0000	  0.0000	
-8413461538.4615	68569711538.4615	-841346153.8462	5048076923.0769	-67307692307.6923	  0.0000	  0.0000	-673076923.0769	504807692.3077	  0.0000	  0.0000	  0.0000	
16826923076.9231	-841346153.8462	69831730769.2308	-10096153846.1538	  0.0000	-67307692307.6923	-6730769230.7692	336538461.5385	-2355769230.7692	  0.0000	  0.0000	  0.0000	
-235576923076.9231	5048076923.0769	-10096153846.1538	354627403846.1538	4206730769.2308	-8413461538.4615	-118040865384.6154	841346153.8462	25240384615.3846	-673076923.0769	  0.0000	-6730769230.7692	
3365384615.3846	-67307692307.6923	  0.0000	4206730769.2308	102854567307.6923	-420673076.9231	-841346153.8462	-33695913461.5385	84134615.3846	  0.0000	-673076923.0769	-336538461.5385	
-6730769230.7692	  0.0000	-67307692307.6923	-8413461538.4615	-420673076.9231	104747596153.8461	25240384615.3846	-84134615.3846	-34747596153.8461	-10096153846.1538	-504807692.3077	-2355769230.7692	
-673076923.0769	  0.0000	-6730769230.7692	-118040865384.6154	-841346153.8462	25240384615.3846	354627403846.1538	-4206730769.2308	-8413461538.4615	-235576923076.9231	-5048076923.0769	-10096153846.1538	
  0.0000	-673076923.0769	336538461.5385	841346153.8462	-33695913461.5385	-84134615.3846	-4206730769.2308	102854567307.6923	420673076.9231	-3365384615.3846	-67307692307.6923	  0.0000	
-10096153846.1538	504807692.3077	-2355769230.7692	25240384615.3846	84134615.3846	-34747596153.8461	-8413461538.4615	420673076.9231	104747596153.8461	-6730769230.7692	  0.0000	-67307692307.6923	
  0.0000	  0.0000	  0.0000	-673076923.0769	  0.0000	-10096153846.1538	-235576923076.9231	-3365384615.3846	-6730769230.7692	236418269230.7692	8413461538.4615	16826923076.9231	
  0.0000	  0.0000	  0.0000	  0.0000	-673076923.0769	-504807692.3077	-5048076923.0769	-67307692307.6923	  0.0000	8413461538.4615	68569711538.4615	841346153.8462	
  0.0000	  0.0000	  0.0000	-6730769230.7692	-336538461.5385	-2355769230.7692	-10096153846.1538	  0.0000	-67307692307.6923	16826923076.9231	841346153.8462	69831730769.2308	


K_ca= 

-168269230.7692	5048076923.0769	  0.0000	  0.0000	  0.0000	  0.0000	  0.0000	  0.0000	  0.0000	  0.0000	  0.0000	  0.0000	
3365384615.3846	-588942307.6923	336538461.5385	  0.0000	  0.0000	  0.0000	  0.0000	  0.0000	  0.0000	  0.0000	  0.0000	  0.0000	
  0.0000	504807692.3077	-168269230.7692	  0.0000	  0.0000	  0.0000	  0.0000	  0.0000	  0.0000	  0.0000	  0.0000	  0.0000	
-117536057692.3077	-12620192307.6923	-1682692307.6923	-168269230.7692	3365384615.3846	  0.0000	  0.0000	  0.0000	  0.0000	117367788461.5385	-841346153.8462	1682692307.6923	
-12620192307.6923	-33611778846.1538	-84134615.3846	5048076923.0769	-588942307.6923	-504807692.3077	  0.0000	  0.0000	  0.0000	841346153.8462	33022836538.4615	1262019230.7692	
1682692307.6923	84134615.3846	-32560096153.8461	  0.0000	-336538461.5385	-168269230.7692	  0.0000	  0.0000	  0.0000	-1682692307.6923	1262019230.7692	32391826923.0769	
117367788461.5385	841346153.8462	1682692307.6923	  0.0000	  0.0000	  0.0000	-168269230.7692	-3365384615.3846	  0.0000	-117536057692.3077	12620192307.6923	-1682692307.6923	
-841346153.8462	33022836538.4615	-1262019230.7692	  0.0000	  0.0000	  0.0000	-5048076923.0769	-588942307.6923	504807692.3077	12620192307.6923	-33611778846.1538	84134615.3846	
-1682692307.6923	-1262019230.7692	32391826923.0769	  0.0000	  0.0000	  0.0000	  0.0000	336538461.5385	-168269230.7692	1682692307.6923	-84134615.3846	-32560096153.8461	
  0.0000	  0.0000	  0.0000	  0.0000	  0.0000	  0.0000	  0.0000	  0.0000	  0.0000	-168269230.7692	-5048076923.0769	  0.0000	
  0.0000	  0.0000	  0.0000	  0.0000	  0.0000	  0.0000	  0.0000	  0.0000	  0.0000	-3365384615.3846	-588942307.6923	-336538461.5385	
  0.0000	  0.0000	  0.0000	  0.0000	  0.0000	  0.0000	  0.0000	  0.0000	  0.0000	  0.0000	-504807692.3077	-168269230.7692	


K_ac= 

-168269230.7692	3365384615.3846	  0.0000	-117536057692.3077	-12620192307.6923	1682692307.6923	117367788461.5385	-841346153.8462	-1682692307.6923	  0.0000	  0.0000	  0.0000	
5048076923.0769	-588942307.6923	504807692.3077	-12620192307.6923	-33611778846.1538	84134615.3846	841346153.8462	33022836538.4615	-1262019230.7692	  0.0000	  0.0000	  0.0000	
  0.0000	336538461.5385	-168269230.7692	-1682692307.6923	-84134615.3846	-32560096153.8461	1682692307.6923	-1262019230.7692	32391826923.0769	  0.0000	  0.0000	  0.0000	
  0.0000	  0.0000	  0.0000	-168269230.7692	5048076923.0769	  0.0000	  0.0000	  0.0000	  0.0000	  0.0000	  0.0000	  0.0000	
  0.0000	  0.0000	  0.0000	3365384615.3846	-588942307.6923	-336538461.5385	  0.0000	  0.0000	  0.0000	  0.0000	  0.0000	  0.0000	
  0.0000	  0.0000	  0.0000	  0.0000	-504807692.3077	-168269230.7692	  0.0000	  0.0000	  0.0000	  0.0000	  0.0000	  0.0000	
  0.0000	  0.0000	  0.0000	  0.0000	  0.0000	  0.0000	-168269230.7692	-5048076923.0769	  0.0000	  0.0000	  0.0000	  0.0000	
  0.0000	  0.0000	  0.0000	  0.0000	  0.0000	  0.0000	-3365384615.3846	-588942307.6923	336538461.5385	  0.0000	  0.0000	  0.0000	
  0.0000	  0.0000	  0.0000	  0.0000	  0.0000	  0.0000	  0.0000	504807692.3077	-168269230.7692	  0.0000	  0.0000	  0.0000	
  0.0000	  0.0000	  0.0000	117367788461.5385	841346153.8462	-1682692307.6923	-117536057692.3077	12620192307.6923	1682692307.6923	-168269230.7692	-3365384615.3846	  0.0000	
  0.0000	  0.0000	  0.0000	-841346153.8462	33022836538.4615	1262019230.7692	12620192307.6923	-33611778846.1538	-84134615.3846	-5048076923.0769	-588942307.6923	-504807692.3077	
  0.0000	  0.0000	  0.0000	1682692307.6923	1262019230.7692	32391826923.0769	-1682692307.6923	84134615.3846	-32560096153.8461	  0.0000	-336538461.5385	-168269230.7692	


K_aa= 

354627403846.1538	4206730769.2308	8413461538.4615	-235576923076.9231	5048076923.0769	10096153846.1538	-673076923.0769	  0.0000	6730769230.7692	-118040865384.6154	841346153.8462	-25240384615.3846	
4206730769.2308	102854567307.6923	420673076.9231	3365384615.3846	-67307692307.6923	  0.0000	  0.0000	-673076923.0769	336538461.5385	-841346153.8462	-33695913461.5385	-84134615.3846	
8413461538.4615	420673076.9231	104747596153.8461	6730769230.7692	  0.0000	-67307692307.6923	10096153846.1538	504807692.3077	-2355769230.7692	-25240384615.3846	84134615.3846	-34747596153.8461	
-235576923076.9231	3365384615.3846	6730769230.7692	236418269230.7692	-8413461538.4615	-16826923076.9231	  0.0000	  0.0000	  0.0000	-673076923.0769	  0.0000	10096153846.1538	
5048076923.0769	-67307692307.6923	  0.0000	-8413461538.4615	68569711538.4615	841346153.8462	  0.0000	  0.0000	  0.0000	  0.0000	-673076923.0769	-504807692.3077	
10096153846.1538	  0.0000	-67307692307.6923	-16826923076.9231	841346153.8462	69831730769.2308	  0.0000	  0.0000	  0.0000	6730769230.7692	-336538461.5385	-2355769230.7692	
-673076923.0769	  0.0000	10096153846.1538	  0.0000	  0.0000	  0.0000	236418269230.7692	8413461538.4615	-16826923076.9231	-235576923076.9231	-3365384615.3846	6730769230.7692	
  0.0000	-673076923.0769	504807692.3077	  0.0000	  0.0000	  0.0000	8413461538.4615	68569711538.4615	-841346153.8462	-5048076923.0769	-67307692307.6923	  0.0000	
6730769230.7692	336538461.5385	-2355769230.7692	  0.0000	  0.0000	  0.0000	-16826923076.9231	-841346153.8462	69831730769.2308	10096153846.1538	  0.0000	-67307692307.6923	
-118040865384.6154	-841346153.8462	-25240384615.3846	-673076923.0769	  0.0000	6730769230.7692	-235576923076.9231	-5048076923.0769	10096153846.1538	354627403846.1538	-4206730769.2308	8413461538.4615	
841346153.8462	-33695913461.5385	84134615.3846	  0.0000	-673076923.0769	-336538461.5385	-3365384615.3846	-67307692307.6923	  0.0000	-4206730769.2308	102854567307.6923	-420673076.9231	
-25240384615.3846	-84134615.3846	-34747596153.8461	10096153846.1538	-504807692.3077	-2355769230.7692	6730769230.7692	  0.0000	-67307692307.6923	8413461538.4615	-420673076.9231	104747596153.8461	


U_a= 

 -0.0000	  0.0000	  0.0000	 -0.0000	  0.0000	  0.0000	  0.0000	  0.0000	 -0.0000	  0.0000	  0.0000	 -0.0000	

F_c= 

-31329.5815	-5349.1660	-9328.6090	30704.4858	-4025.8340	-3077.6520	-30704.4858	-4025.8340	3077.6520	31329.5815	-5349.1660	9328.6090	

U= 

  0.0000	  0.0000	  0.0000	  0.0000	  0.0000	  0.0000	 -0.0000	  0.0000	  0.0000	 -0.0000	  0.0000	  0.0000	  0.0000	  0.0000	  0.0000	  0.0000	  0.0000	  0.0000	  0.0000	  0.0000	 -0.0000	  0.0000	  0.0000	 -0.0000	

F= 

-31329.5815	-5349.1660	-9328.6090	30704.4858	-4025.8340	-3077.6520	  0.0000	3125.0000	  0.0000	  0.0000	6250.0000	  0.0000	-30704.4858	-4025.8340	3077.6520	31329.5815	-5349.1660	9328.6090	  0.0000	6250.0000	  0.0000	  0.0000	3125.0000	  0.0000	

stress= 

1472789.4228		6392.2203		1472789.4228		6392.2203		9635.9709		
3436508.6532		2769420.6340		3436508.6532		2769420.6340		2794070.7129		
1472789.4228		710230.1588		1472789.4228		710230.1588		794483.0736		
-20517.8878		-12865.2968		20517.8878		12865.2968		 -0.0000		
8967.1022		13363.2852		-8967.1022		-13363.2852		  0.0000		
  0.0000		-70354.8516		  0.0000		-70354.8516		220377.8197		


strain= 

  0.0000		 -0.0000		  0.0000		 -0.0000		 -0.0000		
  0.0000		  0.0000		  0.0000		  0.0000		  0.0000		
  0.0000		 -0.0000		  0.0000		 -0.0000		 -0.0000		
 -0.0000		 -0.0000		  0.0000		  0.0000		 -0.0000		
  0.0000		  0.0000		 -0.0000		 -0.0000		  0.0000		
  0.0000		 -0.0000		  0.0000		 -0.0000		  0.0000		


principal_stress= 

1463714.9885		4361.3269		1463714.9885		4361.3269		-7698.2150		
1481649.4952		710386.2151		1481649.4952		710386.2151		794483.0736		
3436723.0151		2771295.4710		3436723.0151		2771295.4710		2811404.8988		


principal_strain= 

 -0.0000		 -0.0000		 -0.0000		 -0.0000		 -0.0000		
  0.0000		 -0.0000		  0.0000		 -0.0000		 -0.0000		
  0.0000		  0.0000		  0.0000		  0.0000		  0.0000		


principal_direction= 

  0.7029	  0.7113	  0.0000	
 -0.0074	  0.0074	 -0.9999	
 -0.7113	  0.7028	  0.0104	

 -0.9995	  0.0183	  0.0255	
 -0.0253	  0.0069	 -0.9997	
  0.0185	  0.9998	  0.0064	

 -0.7029	  0.7113	  0.0000	
  0.0074	  0.0074	 -0.9999	
 -0.7113	 -0.7028	 -0.0104	

 -0.9995	 -0.0183	  0.0255	
 -0.0253	 -0.0069	 -0.9997	
 -0.0185	  0.9998	 -0.0064	

  0.9969	 -0.0000	  0.0784	
 -0.0784	 -0.0000	  0.9969	
 -0.0000	 -1.0000	 -0.0000	

